0.634397
0.552042
0.421764
0.573799
0.352250
0.382817
0.499230
0.385286
0.484731
0.367206
0.318605
0.428983
0.569295
0.367933
0.568961
0.352684
0.610383
0.485174
0.635748
0.415531
0.394653
0.545205
0.668499
0.498416
0.599234
0.493229
0.472819
0.506523
0.600639
0.363366
0.597708
0.403684
0.465545
0.671343
0.389986
0.558851
0.586622
0.478296
0.418862
0.583283
0.419261
0.672868
0.444592
0.657025
0.500549
0.464364
0.565542
0.441404
0.617263
0.455592
0.448610
0.597418
0.423519
0.373696
0.663648
0.490427
0.670377
0.486531
0.626144
0.519485
0.690830
0.546099
0.611240
0.539929
0.335292
0.449056
0.423123
0.594546
0.483975
0.574974
0.578625
0.561426
0.415542
0.535970
0.558159
0.555182
0.615536
0.523611
0.505215
0.455189
0.525226
0.676382
0.259322
0.387594
0.707449
0.430238
0.633176
0.536435
0.468556
0.500278
0.424795
0.574397
0.510262
0.615846
0.521275
0.465926
0.607788
0.380834
0.409734
0.508849
0.704151
0.501582
0.506090
0.618836
0.479144
0.662366
0.587215
0.365113
0.566421
0.543500
0.404419
0.343220
0.460735
0.437047
0.565588
0.562914
0.553205
0.578983
0.577897
0.473664
0.527257
0.422829
0.568176
0.404640
0.555874
0.284458
0.354252
0.485643
0.426209
0.498623
0.437289
0.603962
0.462352
0.503962
0.762288
0.440481
0.382013
0.475550
0.538109
0.465565
0.548778
0.465363
0.432690
0.587845
0.468818
0.461378
0.637065
0.532700
0.699463
0.584665
0.587474
0.607997
0.544748
0.619988
0.579032
0.327616
0.542501
0.571203
0.660805
0.531623
0.520125
0.481797
0.565775
0.340811
0.472228
0.400586
0.593921
0.406724
0.471811
0.531985
0.707022
0.465306
0.417942
0.444042
0.505565
0.567409
0.436942
0.512937
0.535512
0.618705
0.494532
0.472875
0.493633
0.574796
0.458052
0.431329
0.643342
0.370970
0.657469
0.520216
0.571043
0.563907
0.479481
0.476826
0.390225
0.373492
0.178311
0.542638
0.515305
0.451250
