0.966405
0.965700
0.452965
0.986329
0.967471
0.618933
0.937460
0.437979
0.631401
0.999971
0.553612
0.370373
0.553375
0.596944
0.757696
0.733355
0.744931
0.420655
0.688808
0.752850
0.351501
0.996847
0.800835
0.230849
0.673984
0.059629
0.780531
0.381577
0.009184
0.599955
0.739469
0.494658
0.919452
0.244660
0.999892
0.118136
0.207564
0.719630
0.272967
0.795177
0.934061
0.947803
0.253898
0.215580
0.940863
0.772103
0.026489
0.400791
0.306732
0.906188
0.475769
0.954993
0.723247
0.983397
0.972649
0.519505
0.451441
0.183203
0.841233
0.932692
0.609119
0.718839
0.999690
0.997128
0.753757
0.420817
0.203584
0.937070
0.921209
0.535276
0.664586
0.373324
0.104601
0.989599
0.957417
0.231460
0.210650
0.835105
0.449091
0.955746
0.047679
0.804123
0.506233
0.919797
0.529985
0.958044
0.998019
0.517496
0.894396
0.558027
0.992975
0.340005
0.990832
0.044334
0.828469
0.142747
0.953381
0.470143
0.977469
0.698176
0.425444
0.804476
0.982804
0.626216
0.841044
0.945784
0.830586
0.999999
0.996308
0.997850
0.104229
0.028833
0.917471
0.984630
0.472849
0.762711
0.403178
0.492425
0.677550
0.425489
0.986781
0.806406
0.985288
0.122943
0.751341
0.998908
0.898457
0.998206
0.464287
0.727092
0.781503
0.986787
0.675666
0.992487
0.003731
0.799861
0.734607
0.949296
0.821474
0.561029
0.557722
0.751740
0.784554
0.298416
0.604673
0.133495
0.948563
0.971057
0.917292
0.479730
0.261906
0.793933
0.071226
0.891944
0.480628
0.619722
0.688784
0.982223
0.290713
0.997695
0.868118
0.949581
0.701716
0.656385
0.694296
0.590697
0.951061
0.880909
0.853791
0.999870
0.584486
0.486915
0.750988
0.992886
0.913871
0.524799
0.950655
0.996643
0.821126
0.701356
0.917031
0.355551
0.421876
0.339378
0.457067
0.994931
0.254352
0.843622
0.940276
0.182745
0.993316
0.688944
0.231482
0.559910
0.967470
0.404816
0.666430
0.378321
0.355098
0.907337
0.907990
0.993415
0.536776
0.220783
0.362535
0.042642
0.724660
0.990160
0.999810
0.707525
0.805535
0.769270
0.998008
0.987544
0.806356
0.698565
0.076097
0.263654
0.918059
0.387669
0.620847
0.526154
0.645547
0.262449
0.308714
0.541244
0.922547
0.221644
0.914459
0.634429
0.752879
0.660614
0.565429
0.944683
0.299696
0.605480
0.992397
0.884763
0.535987
0.995875
0.961102
0.530963
0.994956
0.850762
0.731775
0.582425
0.340579
0.992046
0.740791
0.840882
0.940200
0.728314
0.915224
0.704144
0.218600
0.496110
0.959011
0.021897
0.503376
0.646927
0.800533
0.883227
0.693696
0.299426
0.726965
0.552828
0.922779
0.580898
0.950399
0.967356
0.933145
0.399983
0.662725
0.604593
0.897877
0.993718
0.024568
0.369180
0.981755
0.884750
0.363027
0.816975
0.381550
0.971841
0.059068
0.819824
0.890112
0.971231
0.544845
0.988748
0.359617
0.970391
0.065502
0.966572
0.693119
0.170831
0.954083
0.868521
0.902650
0.964534
0.997786
0.874726
0.347514
0.830715
0.022397
0.552407
0.121821
0.999994
0.401169
0.750800
0.999204
0.736449
0.038315
0.717118
0.704745
0.659398
0.973319
0.815623
0.392093
0.454636
0.492716
0.732209
0.434554
0.023419
0.990242
0.643382
0.165005
0.978599
0.896814
0.134019
0.582319
0.279630
0.782201
0.984150
0.965935
0.684143
0.991564
0.905747
0.438301
0.915699
0.034158
0.479632
0.091411
0.432203
0.037497
0.673751
0.062338
0.824131
0.985471
0.197365
0.975340
0.363370
0.966568
0.093939
0.094099
0.992857
0.953832
0.984379
0.423629
0.999924
0.966215
0.163700
0.852101
0.706118
0.967465
0.916499
0.898177
0.267745
0.394474
0.294987
0.992346
0.924420
0.908598
0.252965
0.329100
0.344651
0.440973
0.781737
0.995489
0.102304
0.018219
0.832273
0.153491
0.219907
0.110484
0.512448
0.287067
0.986696
0.999039
0.928086
0.986441
0.984559
0.790120
0.592742
0.962303
0.639640
0.186572
0.502985
0.241569
0.703456
0.818792
0.160976
0.997075
0.237438
0.999007
0.783091
0.999796
0.472774
0.222017
0.297377
0.026924
0.941005
0.315882
0.974096
0.469098
0.092942
0.207694
0.349121
0.073288
0.517669
0.263765
0.799268
0.366994
0.575431
0.653772
0.523557
0.957059
0.138338
0.997132
0.554656
0.365495
0.139054
0.479344
0.005615
0.999357
0.560003
0.898277
0.960604
0.014344
0.996290
0.620020
0.297647
0.779865
0.490515
0.412401
0.676352
0.053507
0.045313
0.269210
0.824174
0.391748
0.830011
0.323783
0.535860
0.906844
0.414788
0.928146
0.315864
0.458053
0.936687
0.396590
0.808755
0.998201
0.326842
0.048790
0.979370
0.546030
0.408673
0.268069
0.961579
0.181080
0.885403
0.318401
0.872363
0.800161
0.787487
0.599907
0.589335
0.999307
0.998844
0.794616
0.788120
0.922087
0.938034
0.804194
0.417851
0.859863
0.998261
0.096671
0.252317
0.247231
0.272444
0.470317
0.993658
0.590192
0.969845
0.737192
0.728439
0.835157
0.495532
0.732325
0.812968
0.982414
0.885155
0.625302
0.261250
0.087856
0.882134
0.950426
0.696875
0.970377
0.979137
0.431687
0.069479
0.974662
0.428073
0.993171
0.769724
0.867479
0.988359
0.830533
0.384025
0.629597
0.141878
0.202061
0.918302
0.572740
0.069251
0.844846
0.829164
0.524236
0.828370
0.999784
0.058205
0.441911
0.450750
0.706143
0.885870
0.640456
0.887858
0.456376
0.132967
0.954060
0.817445
0.725076
0.127705
0.657195
0.994238
0.966602
0.113919
0.613593
0.070340
0.478867
0.989234
0.997888
0.278392
0.997933
0.184564
0.992831
0.868346
0.930276
0.319959
0.974240
0.338338
0.375833
0.994955
0.973344
0.614121
0.872127
0.999999
0.610036
0.995544
0.605864
0.003975
0.998583
0.762506
0.986027
0.982273
0.966575
0.824773
0.957445
0.408747
0.795698
0.702492
0.221190
0.694082
0.488215
0.712396
0.118026
0.234622
0.911211
0.498951
0.784625
0.765279
0.267667
0.375200
0.428474
0.996463
0.999983
0.967395
0.206984
0.783717
0.666053
0.243846
0.276309
0.914431
0.798401
0.935144
0.672867
0.863050
0.744937
0.788960
0.983227
0.986346
0.271145
0.741434
0.807865
0.298133
0.433867
0.505027
0.897403
0.999729
0.033144
0.979648
0.809249
0.665338
0.734090
0.966772
0.970158
0.766463
0.296956
0.503533
0.999890
0.959250
0.495257
0.420747
0.955898
0.880047
0.287592
0.999881
0.899985
0.914939
0.126375
0.201603
0.984045
0.979142
0.031637
0.916255
0.038773
0.561128
0.969380
0.786885
0.544868
0.526781
0.303856
0.764349
0.995240
0.824380
0.340341
0.906892
0.248800
0.989344
0.678862
0.466532
0.070325
0.024412
0.707560
0.612582
0.972240
0.552424
0.089251
0.055264
0.061321
0.818227
0.076339
0.671939
0.366673
0.066620
0.208394
0.118175
0.652143
0.042921
0.987827
0.160175
0.856864
0.735777
0.975630
0.446854
0.797313
0.063270
0.999682
0.859448
0.097974
0.754933
0.539165
0.886423
0.599237
0.523874
0.826929
0.401456
0.602924
0.112429
0.964735
0.959556
0.307282
0.721000
0.795610
0.010867
0.844058
0.715604
0.342281
0.283148
0.846554
0.030855
0.718379
0.415787
0.733388
0.970530
0.127285
0.532347
0.536424
0.987438
0.643598
0.376537
0.373340
0.432418
0.992058
0.978788
0.990226
0.983007
0.216586
0.507949
0.381182
0.598924
0.675095
0.293036
0.999143
0.519316
0.996092
0.445755
0.649611
0.717742
0.907276
0.922476
0.798179
0.326294
0.374020
0.157630
0.129818
0.370714
0.886459
0.785443
0.993422
0.243576
0.578603
0.727171
0.995684
0.455125
0.287725
0.969890
0.642000
0.336775
0.478199
0.999667
0.051033
0.751000
0.835334
0.235954
0.675059
0.960737
0.994516
0.135697
0.825206
0.233301
0.388425
0.959256
0.126998
0.990380
0.877918
0.992156
0.140464
0.465199
0.923796
0.644137
0.217173
0.276433
0.643270
0.862136
0.849684
0.863815
0.076680
0.426875
0.886100
0.275386
0.986804
0.814404
0.945591
0.956680
0.912173
0.999762
0.333950
0.964242
0.165016
0.164718
0.100441
0.745041
0.282619
0.990728
0.423530
0.608265
0.171876
0.847747
0.997373
0.977016
0.603164
0.830193
0.127847
0.930829
0.975370
0.897812
0.904118
0.893291
0.927938
0.998295
0.653137
0.215934
0.806853
0.930663
0.689084
0.736582
0.473696
0.483041
0.967835
0.733365
0.663698
0.329114
0.953685
0.990319
0.574434
0.584699
0.989787
0.032968
0.984726
0.972670
0.038099
0.425827
0.376808
0.977955
0.971553
0.972720
0.998697
0.265506
0.777898
0.925965
0.908382
0.887900
0.914069
0.012847
0.489306
0.911245
0.841083
0.827436
0.848265
0.973386
0.902850
0.195495
0.859888
0.890704
0.689792
0.800624
0.648465
0.999463
0.752120
0.521174
0.061478
0.788238
0.951691
0.809411
0.613784
0.185018
0.374863
0.921470
0.981540
0.871442
0.381666
0.608036
0.826886
0.187287
0.916963
0.976834
0.059675
0.580525
0.987834
0.339175
0.789021
0.526109
0.782603
0.446987
0.974584
0.902423
0.972420
0.612952
0.996569
0.324039
0.956086
0.661984
0.501749
0.995014
0.445855
0.725061
0.668958
0.660984
0.140703
0.891581
0.626075
0.413322
0.973983
0.428309
0.225690
0.602040
0.861893
0.981717
0.318978
0.729133
0.980286
0.673869
0.201959
0.550367
0.999290
0.826667
0.815614
0.698333
0.719427
0.002913
0.821001
0.296918
0.469272
0.945081
0.279925
0.455729
0.936351
0.547118
0.978102
0.696835
0.993028
0.541509
0.985971
0.939846
0.833923
0.953396
0.999531
0.966690
0.871957
0.190926
0.896230
0.997790
0.101118
0.801725
0.993422
0.772681
0.954261
0.373697
0.969947
0.419778
0.347097
0.619699
0.750795
0.223933
0.997164
0.770906
0.835678
0.255611
0.171309
0.988703
0.324149
0.001587
0.524881
0.684655
0.795862
0.877274
0.796185
0.975719
0.266090
0.867636
0.989639
0.775436
0.493370
0.971294
0.919255
0.643002
0.788201
0.628542
0.509334
0.190775
0.484440
0.716360
0.802288
0.851513
0.562905
0.974540
0.950660
0.504305
0.149285
0.514024
0.857648
0.741377
0.966326
0.996404
0.854122
0.043063
0.428670
0.927803
0.990648
0.836711
0.487968
0.807558
0.306263
0.075048
0.574678
0.411282
0.162951
0.679031
0.997263
0.864385
0.055719
0.103426
0.991331
0.336248
0.771369
0.836047
0.991527
0.719536
0.626825
0.465290
0.967179
0.993733
0.924489
0.999994
0.662621
0.843995
0.999889
0.476505
0.974725
0.996156
0.998697
0.991777
0.325858
0.784603
0.998012
0.734545
0.233396
0.346444
0.870213
0.296060
0.752812
0.999875
0.941228
0.182856
0.543089
0.809865
0.998892
0.857779
0.206526
0.804252
0.657763
0.747297
0.908328
0.215701
0.642694
0.184089
0.590599
0.802078
0.925369
0.983894
0.053463
0.008168
0.549570
0.081685
0.168328
0.696191
0.880189
0.686691
0.488829
0.959878
0.832597
0.467840
0.349181
0.892352
0.986776
0.462824
0.956612
0.137181
0.291909
0.132351
0.997477
0.993587
0.295659
0.582772
0.582826
0.784192
0.756006
0.237219
0.986511
0.725992
0.222526
0.728798
0.814439
0.753242
0.610496
0.930675
0.737615
0.357160
0.184782
0.485914
0.505095
0.193972
0.766596
0.984975
0.729342
0.774280
0.038819
0.524695
0.088307
0.830566
0.072015
0.423030
0.979049
0.238784
0.362818
0.074124
0.793441
0.627762
0.852186
0.889754
0.938675
0.074975
0.972878
0.600921
0.559495
0.904400
0.271564
0.439063
0.621976
0.247857
0.989194
0.866102
0.144190
0.990059
0.857312
0.237959
0.094698
0.848504
0.917610
0.521077
0.154692
0.795142
0.475273
0.875038
0.999892
0.853569
0.665470
0.542740
0.927052
0.908554
0.687078
0.150741
0.861938
0.779026
0.994601
0.961178
0.935712
0.776438
0.683638
0.999659
0.484929
0.537680
0.037508
0.230342
0.625771
0.979666
0.842337
0.368843
0.860018
0.020433
0.762970
0.996644
0.412268
0.871840
0.916607
0.340730
0.516697
0.621573
0.105552
0.101719
0.807358
0.350013
0.982996
0.210189
0.305698
0.878944
0.975098
0.974467
0.525455
0.678812
0.933279
0.340824
0.285811
0.545703
0.611906
0.395296
0.665745
0.209901
0.312698
0.198360
0.741155
0.561343
0.981492
0.999846
0.031789
0.407686
0.882556
0.076691
0.606196
0.679382
0.424197
0.863240
0.063686
0.690817
0.125823
0.266991
0.930652
0.189511
0.445289
0.701141
0.938981
0.773074
0.161942
0.703759
0.001533
0.930124
0.873223
0.374395
0.362167
0.719274
0.218138
0.589959
0.125190
0.514438
0.846247
0.860393
0.027224
0.102293
0.800442
0.050205
0.999407
0.852793
0.259064
0.729328
0.579737
0.970586
0.564008
0.807919
0.693197
0.385700
0.941745
0.551208
0.565324
0.644546
0.955269
0.679315
0.339959
0.447578
0.431671
0.999707
0.253734
0.265428
0.384067
0.677860
0.732589
0.971686
0.999456
0.892496
0.982318
0.999778
0.375113
0.039592
0.699334
0.999692
0.993713
0.510347
0.645677
0.998461
0.093870
0.999678
0.873134
0.367633
0.127602
0.973794
0.982414
0.501583
0.902626
0.418193
0.114466
0.622293
0.676434
0.383150
0.049517
0.575105
0.925918
0.471862
0.871604
0.960583
0.785861
0.957774
0.848598
0.345061
0.350694
0.052673
0.999200
0.999822
0.873888
0.783054
0.177839
0.819332
0.248978
0.901450
0.954745
0.964182
0.749206
0.511350
0.999879
0.379331
0.473898
0.199076
0.587256
0.514104
0.241974
0.318798
0.538627
0.391113
0.673308
0.952946
0.900394
0.737220
0.902191
0.772434
0.717108
0.999319
0.774314
0.175772
0.969006
0.541748
0.940524
0.401489
0.671617
0.848875
0.616616
0.183109
0.261675
0.859460
0.784503
0.076969
0.852722
0.904192
0.786782
0.514439
0.865795
0.989569
0.858831
0.697611
0.996938
0.314756
0.939767
0.458720
0.545873
0.999476
0.973800
0.952802
0.818582
0.808451
0.776729
0.137462
0.862489
0.998655
0.406841
0.131597
0.971433
0.634146
0.285230
0.712647
0.387481
0.819799
0.645228
0.741691
0.037024
0.995443
0.716432
0.740018
0.018257
0.921668
0.833583
0.280043
0.113461
0.787907
0.014823
0.983840
0.932930
0.137778
0.279045
0.724490
0.577356
0.979657
0.940721
0.582232
0.413155
0.171985
0.652675
0.026391
0.195373
0.282726
0.870136
0.649376
0.860771
0.742455
0.943535
0.675776
0.864300
0.590132
0.575644
0.147651
0.728763
0.903254
0.508389
0.353406
0.765805
0.763693
0.096536
0.917541
0.770737
0.363895
0.379045
0.322718
0.452611
0.883444
0.977310
0.586928
0.047421
0.998423
0.963712
0.015299
0.192472
0.864906
0.694535
0.029557
0.619045
0.824628
0.220668
0.801063
0.422314
0.984534
0.434980
0.956979
0.849473
0.944317
0.668814
0.768380
0.731167
0.748675
0.166714
0.998884
0.753105
0.036592
0.770948
0.821976
0.585059
0.544125
0.375384
0.957958
0.492042
0.945355
0.023367
0.363079
0.733862
0.495468
0.987435
0.971679
0.318635
0.233557
0.647542
0.779799
0.554039
0.985789
0.827022
0.246144
0.175913
0.653354
0.832965
0.966718
0.802055
0.461903
0.965885
0.784425
0.949638
0.946819
0.080429
0.463805
0.999710
0.948814
0.997298
0.950023
0.867580
0.633632
0.148545
0.869300
0.079309
0.999820
0.981314
0.291327
0.971471
0.613860
0.131778
0.132100
0.769746
0.403226
0.906054
0.606004
0.857283
0.999975
0.914140
0.794359
0.241590
0.525172
0.703038
0.350217
0.478370
0.748612
0.376202
0.319408
0.980734
0.990101
0.291001
0.648548
0.419648
0.916500
0.470573
0.665142
0.505313
0.946353
0.881790
0.214083
0.405382
0.377708
0.591308
0.549512
0.778282
0.192466
0.938655
0.336978
0.710866
0.499964
0.139940
0.336693
0.327437
0.157391
0.145121
0.655915
0.983147
0.003874
0.998453
0.997736
0.997644
0.812210
0.515332
0.995072
0.764253
0.934837
0.207594
0.298375
0.217753
0.713821
0.411600
0.954477
0.972819
0.070085
0.542420
0.364268
0.593577
0.923991
0.405802
0.942722
0.988733
0.813272
0.438491
0.981057
0.485987
0.028911
0.787922
0.018571
0.974047
0.940090
0.953349
0.983866
0.855098
0.900156
0.209300
0.702532
0.981583
0.990071
0.490952
0.183061
0.653868
0.612570
0.985179
0.578787
0.821798
0.447136
0.318856
0.966977
0.978717
0.454931
0.235546
0.024701
0.121581
0.932046
0.637751
0.089505
0.556073
0.996203
0.924866
0.933098
0.520603
0.714247
0.908196
0.170781
0.085809
0.711473
0.433794
0.844392
0.739932
0.770387
0.388024
0.753384
0.242214
0.683788
0.741184
0.642025
0.888813
0.217306
0.635907
0.880181
0.902974
0.993253
0.966748
0.952832
0.537353
0.801501
0.801010
0.260467
0.818707
0.758613
0.044393
0.878539
0.352974
0.470029
0.447929
0.498536
0.447092
0.427323
0.820394
0.963244
0.925749
0.590641
0.596797
0.998463
0.191042
0.891202
0.338626
0.956674
0.992501
0.502125
0.994578
0.998023
0.739259
0.991692
0.526673
0.739001
0.962396
0.677410
0.997695
0.948620
0.701660
0.773089
0.056624
0.793519
0.639503
0.887779
0.999996
0.689906
0.939173
0.141146
0.068446
0.781698
0.083984
0.717853
0.141917
0.993042
0.574839
0.959468
0.318927
0.771711
0.565106
0.973729
0.996288
0.138025
0.986649
0.909185
0.999724
0.482445
0.322991
0.999257
0.706925
0.982775
0.328630
0.579847
0.969361
0.532803
0.772672
0.735175
0.083161
0.174917
0.302247
0.376242
0.933294
0.540374
0.955598
0.535017
0.409185
0.903270
0.798396
0.196946
0.293530
0.883330
0.757514
0.641832
0.900336
0.441721
0.964630
0.297001
0.135526
0.059540
0.999328
0.710722
0.733540
0.814775
0.283314
0.995289
0.998584
0.824672
0.281392
0.799149
0.906197
0.729279
0.963556
0.373364
0.254841
0.921857
0.903868
0.113430
0.782145
0.947583
0.997585
0.695144
0.804280
0.999330
0.841929
0.426825
0.578451
0.942374
0.370903
0.999588
0.017320
0.998398
0.224259
0.339805
0.982776
0.456292
0.999375
0.919807
0.083187
0.775431
0.755916
0.999168
0.923315
0.999720
0.595356
0.988139
0.084765
0.831949
0.893776
0.401838
0.689455
0.426048
0.541932
0.682811
0.616678
0.961230
0.605590
0.501389
0.741400
0.738914
0.814481
0.944681
0.541929
0.984431
0.957802
0.523700
0.229771
0.569182
0.992555
0.805182
0.376020
0.300136
0.991885
0.975416
0.429682
0.924836
0.362229
0.971446
0.998226
0.565683
0.853060
0.879967
0.998363
0.345852
0.865993
0.887399
0.821411
0.509540
0.827026
0.535580
0.596793
0.689409
0.363948
0.611185
0.993490
0.320446
0.194022
0.185608
0.038927
0.990789
0.993954
0.942151
0.791788
0.857649
0.167391
0.833840
0.738326
0.516027
0.928627
0.940612
0.988189
0.377616
0.865881
0.048550
0.365301
0.864951
0.961483
0.961198
0.252975
0.897023
0.431886
0.998846
0.904693
0.461315
0.980274
0.271976
0.166857
0.961783
0.869142
0.204536
0.999388
0.984843
0.573270
0.980111
0.787053
0.641300
0.359293
0.365003
0.473815
0.622997
0.801759
0.102967
0.992023
0.501128
0.996391
0.896688
0.923318
0.931076
0.608631
0.209383
0.619271
0.839032
0.458158
0.504814
0.832874
0.626802
0.959817
0.748564
0.962890
0.212425
0.967164
0.909828
0.688732
0.301454
0.983456
0.647403
0.208605
0.864507
0.477932
0.928586
0.509252
0.972353
0.950796
0.556074
0.261100
0.927547
0.357697
0.223480
0.837792
0.353621
0.789337
0.759306
0.143837
0.496576
0.778970
0.835333
0.637871
0.689898
0.677640
0.539916
0.993677
0.808016
0.633381
0.961817
0.044294
0.282125
0.346797
0.094523
0.369536
0.955938
0.565737
0.871786
0.598731
0.761723
0.989966
0.992063
0.460578
0.728337
0.526735
0.394215
0.920160
0.372414
0.992954
0.813705
0.054665
0.999453
0.905487
0.558627
0.287084
0.964641
0.284542
0.220502
0.176474
0.711727
0.282353
0.110168
0.613781
0.965855
0.591305
0.037965
0.952738
0.997397
0.775782
0.890557
0.444268
0.822673
0.995399
0.019692
0.226390
0.984890
0.210539
0.761973
0.375646
0.953903
0.832502
0.415152
0.777756
0.985639
0.868125
0.538659
