4.577143686961646
3.7616940962236978
3.965194061805576
0.5187838850022031
8.02162846605525
1.1059376031308665
4.090401974764983
7.599215576091511
9.388310043809959
2.7281350363480064
4.101908978452177
9.644521697839854
2.5877086947988683
7.263915070258592
7.545985741726855
1.1508681940139365
0.306716087730341
3.4273818376137744
2.34821542917702
2.4456880134941663
6.131198395658269
0.104737269163786
0.6777585709914924
3.6253167841777567
0.22003626123226594
2.1835132763250096
6.579135948197433
6.2675332031933015
7.842296216046004
4.07052546943795
7.367272553794778
0.04605937572446095
7.752372939028289
1.590096700350715
6.336794963450063
3.6333378717796694
9.917395676214682
2.980631373429242
8.737116587136523
4.835332789611599
2.6022960361972047
8.176309350387868
7.090067900785733
0.3616009321845526
7.715299334627437
8.319406916434474
0.6742546854397014
5.383734084058009
8.926808157225178
1.649609449241849
7.930232060965215
1.5133509629750397
6.428276210570548
7.330370039449287
3.747501152610294
4.004118232861417
8.300578911787145
0.4063620072372309
5.768652606946576
1.7856384698380612
3.5803982056694137
1.3348000169602159
1.6909986904397567
4.782764475452658
1.2792114862458448
2.8689145813988235
6.709221859266494
8.973697102061703
7.959142514393244
2.0623389465501085
8.599741815080742
0.567033403621835
0.7616701101874335
4.230321017411608
0.5167351586154112
9.1102651174044
1.8464639322896892
4.596010560887217
7.124446603996315
9.166856751984074
3.0627332043115763
2.448652872685563
0.2850887589738593
5.3941368017492834
7.140442204839098
5.270313979898837
4.720348401471627
7.457400451236868
8.015389979167933
9.837561935463906
5.8568767439650795
0.28075884052254474
1.230381996700799
7.359118023183536
7.570906318887328
1.0163422882883177
8.036346869906488
7.681402544889572
3.573590062859834
9.736638531847818
9.793518915233365
3.580936933487119
2.755831959895211
9.710856709845242
1.2800883855831802
8.27940441653333
2.534503049784208
4.715539739909432
8.45436362643427
6.935014844210301
0.34118680804290813
9.333741283099297
0.14118976064891653
1.850295872480191
3.134175744528709
9.975529161605794
3.4119379915996637
8.50828808665879
7.8595147646116015
0.5790617729823189
7.635777526542256
2.3761379638763334
7.195929996561212
6.227859017340066
0.03660298324008937
0.9630863437758497
4.907628999613069
9.710262442305575
1.1888899682355558
4.809457332837649
6.020819743401747
1.8423710960340234
2.5402747596042383
3.1613983467503304
5.022534914942343
1.432982937514482
1.1933870146703818
6.097582602352837
0.5344434910812257
9.89802452924786
8.074099143287201
3.5856865761755143
1.7935314941055591
2.2346991420780338
2.724591452040337
3.232837986672581
4.512506576625941
5.972150440462008
7.308773743617359
4.866235370068437
0.25416292838237875
6.7817073328578745
5.39166530118078
9.869793797515612
5.257977238626083
9.092315574364786
6.6523487256342415
4.8212551049788495
5.516359240024412
3.291026786653062
0.6280635844973737
6.578419285248125
2.4689391167708816
9.173169628226406
7.564994098355572
1.5083666482882008
3.3584095256564606
9.658582829794561
4.808143433147133
2.354486903444247
6.992634072534738
0.5416958185870469
7.030073544396668
3.9152234988271815
4.78759969592467
9.122331052528782
3.260552426115626
9.133400592261603
3.2126297260471848
2.2489447714864017
9.847551841595516
4.576849734812628
1.98562913141218
0.24114901579125325
2.43467227034315
9.009364389032731
0.48707426400121046
1.4919702786096778
5.670568247707482
0.613440640993077
0.06480702857297294
8.05189810401553
2.9824921276060214
5.553195761727463
0.10291979024867892
3.117805125839986
8.608883100309386
1.5906664396737802
5.60437303276332
7.5723596017540125
8.573244805230647
9.9825118857604
7.034272530405507
5.011177298494433
8.426763407474786
4.429392754904402
6.588334408077251
1.4720710950947846
5.698785455938907
1.2930011942180841
0.6149470958838021
0.15738631295223904
9.268569257519834
2.141679779843968
4.345305812013683
8.14651613841758
9.024958371989339
6.011930535315334
7.131326709219721
4.234122043045137
7.569182869978608
4.4371459025364635
6.540968931982583
2.8292057279208347
9.276872107864682
3.675852896388909
8.343332164831216
9.7694218774428
1.0085165799655926
2.4747603227753237
0.5170717435083683
0.5578861060002849
1.25289357020672
9.153905510884242
3.0223380131825452
8.622910769631932
2.7082321364336304
9.169885871404258
7.049152693140388
7.283604206273412
0.5078714663441908
4.749980573266069
1.29267066742503
4.375341527678794
6.102977364581
1.1161163319445955
6.482009480665985
2.4966333791955355
1.947852840562102
5.235146413912439
4.593079851577676
6.361254084110085
0.35126561685407065
9.683626057422037
9.766893065781966
0.7896841825515821
9.003232075640039
9.225061783621674
5.45053395580709
7.10081270107194
4.279947747021039
4.37741083798139
2.812602722483799
9.892138269868274
2.6830994350775947
5.1558131469015125
8.726383975552453
5.099384080188903
7.6823648157711135
2.199673919110686
6.850751625822664
0.14864762871261483
4.591893943378738
9.017355460700356
7.7652568885857045
4.459006461799376
9.410075112527382
0.08254578830704351
0.28223530858338397
5.873785988518053
6.052475858026419
1.7580893092931793
1.8517825786334408
7.862629880473686
3.0167773238681272
9.907358232402334
5.875241935684215
3.307008752203364
1.8988128596314169
0.3504663090314464
2.7870225984297248
3.2369204955799233
0.1669911957882464
1.5072480555656742
6.548746052563943
7.0369368311722456
2.5325417187463293
4.789095760084051
1.2896808021286577
3.3089386008049617
2.0339443168729607
2.583090391366276
9.419475314590656
3.0023241450809293
1.3984136008420733
2.5730089291539304
6.494733743733786
2.8849097936484434
1.2289307502701974
1.2820398778062503
9.763844666157187
5.70901588214608
0.7625545555820312
5.5529093650121535
5.057665313770614
2.1608825367210773
4.785790445330994
4.486022462732119
0.1871884795738621
0.0636201482680443
0.9172672313583519
1.0106168922151915
9.462585407187209
8.645647778264781
8.436617741630974
0.9144788950284988
5.840926498466489
3.0846011094970462
6.875414859587485
1.4674174612974866
1.1113549773811982
1.6769350035617492
9.802157309280595
8.365861439975408
3.0807236932290305
4.880102126412461
0.4438948815645216
6.343038578940476
3.062751400863317
1.8955359220407852
6.9129436389725125
3.2969972187491825
4.658386426975053
5.981615533931136
9.366434830305941
0.9859513482368143
5.644957843988241
6.369957203898194
4.644714682230849
6.483366731702741
7.369889691047269
1.5666770800684038
8.295738041482647
7.150752773554133
4.652448500542051
2.1652557104888146
4.519364885784944
8.198852377988313
9.968087355432631
6.051074354762992
2.33182666523272
3.699976861011259
1.034025081229597
8.56261093967859
5.996614417214065
4.368751982515347
8.800658836961283
7.305782942711113
0.024227655290927075
2.9744857199164887
3.8470697418723776
7.824738961485088
4.228243706444235
4.960065640878248
0.6427977019490694
1.7969059316952185
8.941946702938624
3.5946941638610674
1.1575519281155133
7.113094510974863
3.8048067280020312
4.044892135868947
9.869243972420625
3.8430857334903967
4.53295195235048
0.2256682470605198
6.138691567808458
6.011850242980136
9.718308542911814
5.196251938881112
5.2971864661135895
0.4262311330799873
3.1746849700244804
4.158554231764358
4.575943075922223
2.7758043333954276
8.343083994914757
0.26497585481510155
3.4968882325181125
5.376881716271445
2.5689404792369896
5.786160037747937
7.560966328073748
1.3302239732977839
9.361812237052652
0.29585656711958674
0.2378739897724158
7.405917509695644
1.330327666476464
4.951870674169455
4.135398569570682
9.376061924854993
8.779969160175572
9.948895295933083
0.10769117229668335
3.5310605727779487
9.982197511869273
4.458348341602809
1.0899563159196646
1.3068621319843632
5.334923788562787
7.48728229384915
7.735429655217599
0.3075179954958229
1.8066030909476594
8.723091351151286
9.568743244502741
2.085917359910785
4.359935538935274
2.3059662176506803
6.721686830842831
2.902731827303935
0.5500506971193042
1.1274662738761243
9.166439894551843
1.6590090053132067
8.900447932640027
7.214089401774485
3.295974473634007
9.861438930942393
1.063041485705627
1.7949523175537418
3.719390833517666
0.7132635316177383
8.65021043405779
6.2801471663476836
2.346046540740697
1.619066394584432
8.283694191038876
2.7280083446846994
4.555729242090878
3.994024201080851
1.6405312973683361
5.5600335494487325
9.66152837143435
5.664139941447078
6.970818748962392
3.416992223008993
1.6742343116433323
8.680060988968936
2.7366520903936467
4.110858541627218
1.739613727468935
2.5560756699115927
3.5327685589145186
2.603521265316987
0.9453470643990658
1.9343281259781708
5.692932511445971
1.815619855308378
0.8911676968997373
2.5177038505361446
9.87735415096988
3.1707414960036306
8.575986952300395
7.497233998254343
7.986966752234079
3.575360849591532
7.340469643776491
6.381839311606807
0.8081931399069076
3.3133183822203307
1.676349348242896
4.679596356052978
5.570092028266643
7.124436472442413
3.4525147972067414
9.925955401331692
5.035170943755433
5.682375559289351
9.0780388111105
5.730636800610584
3.6910768579456024
8.334491208446188
0.025537076744340803
2.411645661269729
4.846756689649725
3.7413009340171866
8.900245023391696
4.0648308039724
4.11674134655749
9.588300212180368
3.796968025958869
9.642695450668585
8.064729396090424
3.752027543407004
6.375525066770429
4.860189858480326
5.60811301922902
5.187674008996639
7.992669015066842
6.760047547093856
0.8351152101791004
8.289815782079929
4.147818902436366
9.405503268860683
4.269073930426347
9.835583101894521
6.344672144793179
6.937428410239202
1.9443891039501904
6.694281928992128
2.1899232853676787
1.2452786667063376
2.879186146792928
3.9927134200060332
2.820424148507905
5.959016228860245
6.660970032185675
1.9555017218829063
8.211203125446012
7.428608742318122
2.210314066351715
5.439816191738833
4.37037584426472
8.818528357280446
6.698608018662577
8.79377572803944
5.285914770954804
3.0068181459521535
1.593701345374624
4.218615164637015
3.583230439949985
2.1031500053034202
0.2299981626789338
6.94464982545748
4.830305135910421
2.2715299422377697
9.364687327689335
6.649223631998545
3.1274746926070804
7.628419379349479
9.953039218500871
8.98976582958655
2.6090945486357753
8.059693237885568
7.298807050291691
0.45632479997837816
9.531002696417447
9.550139865271682
5.620888086572754
1.9376162721182266
5.959626060725335
6.195730316898086
6.384724682924325
6.119867230965898
7.36177639653531
6.390083429813847
0.08630547381935028
3.2799799713410795
5.732109939216087
5.108818975760934
2.3271741054856196
3.3020752941132017
4.902692458759717
1.064554021520151
5.115223104192486
6.874891074199386
9.809992003209722
6.211470704053151
7.849991496634493
2.7867672324070405
3.0559480566303856
1.9920878166613287
9.24605213694387
9.18438628070789
9.370438852549617
4.255953309510168
5.2295971162031565
8.562537863461028
3.0991931327769464
4.689168675916059
9.364439583515919
7.472026399691139
4.1660331836990565
9.383079556431602
1.8378741380080432
2.374386600345856
1.4357543861873845
6.367830758500786
1.2525017845197883
1.5672335628570333
4.08458308954692
2.839757309749703
1.9475386496550173
2.859050332297479
9.135675491105346
2.0208733973875628
6.088820384895449
3.1502775130785676
2.5661085963378873
6.256168160029776
6.739065196570651
4.696670999656394
1.9667056100517621
7.588805581964893
4.114938175347699
2.455149791280782
1.8498824954582915
1.211368790534707
3.3391215725795953
5.584038165754061
9.653570093363635
1.2568605887616113
7.979943337166413
3.9031938766595964
1.7004994525687844
6.794433671172081
7.061617844829233
4.951594624960575
0.6186031885671883
4.44041099456518
3.2207057002440043
0.9344735960438877
8.97928480335065
8.966738673516625
5.689864946923709
4.095672495829852
3.0017975589033155
4.03469104889561
5.279263336880474
1.3911446369403124
2.764614652017232
3.102522799434859
5.322080431711887
6.264190135430897
5.5541139198064595
1.8450605394671538
0.9004416930964865
0.05742176106119379
1.5912839984320337
7.799401313736149
2.324012874624942
9.739521348648367
9.454740104662063
4.970190980417975
9.30105348723189
2.7373332271752315
3.604669671360167
9.95330947576494
3.8253868227188983
2.1036009066187535
8.300313025185503
7.818212155529151
0.4605741561434762
5.136462749138873
8.588760489919725
8.582496594227788
7.555658381308465
3.97080880002593
4.5134437941219865
7.407683796659788
1.4794659443190816
9.589667896582984
6.498979684913718
5.1467261112522475
9.522502686049942
7.04268509150808
2.953558387499587
6.189948154939211
5.477136279743694
1.177620160231846
5.110515064933302
2.887890166626753
8.05576842994444
4.569491903956331
5.775513646972854
6.802409817101659
3.625766587074316
3.6462548626912614
1.8661360534499583
4.246368824689646
8.722213074551794
9.074746641949794
7.6956919438078275
6.513489654875176
5.628222924339475
2.490777814683388
5.645332055476899
1.6312016669463314
5.35174695859787
6.925792934672513
3.2869020239623223
3.8791227295423214
6.451151857165829
1.627066857885
9.227300567706338
7.8359668957916115
1.5184853887236793
4.5947313976306585
0.5488774395416174
8.253187673321419
1.3174940845531657
3.2218997612024713
2.794869423842634
4.595847763613229
9.009398673099817
7.806456455674192
5.310694997244175
5.990561310370536
3.654548593221824
6.891640279615363
1.3756162513579273
1.5821102588037372
1.0453791315134253
3.906209711423707
7.686142583495964
3.57687589755637
4.970772997464502
3.8125311615627835
5.1426600364136545
7.673061200272182
9.762483939781855
5.872676224154199
3.9323530323608944
3.5287080806998827
2.1764113026320464
8.760158132955265
8.995822424299497
0.9234633709677753
7.796561613902613
8.625272671642545
7.430653091186993
8.87036320395898
2.3863735816924447
8.787641632456705
8.201222027628674
2.5104911822756195
7.6733108110603325
8.466435530900748
5.294940615361261
5.413399741443916
9.081896327882227
9.23732785406534
4.134046865570346
6.730304918902055
9.606410481660214
9.830641666148992
6.606253463433403
5.341229297421254
6.327311568882648
8.241683357567606
1.8723354196568787
9.807305272170325
1.0367263417530415
9.10409667957108
0.5715802285965565
5.867034412044373
7.697454519345381
6.376174486944292
1.584348744197076
2.873111080049806
9.111848595402437
9.57431632381754
4.300127513834045
6.0725440150975505
4.977130506505503
2.132734397491025
5.023402607508606
3.3019933032170687
9.35751151778032
0.9595099138775476
8.141260942520562
8.592985864594436
4.458622529646891
7.789406791917982
5.438213214670448
1.2121970726837639
3.887677018901856
5.478132634955346
6.400914756219094
7.2156239120295895
5.749091615062165
3.6194151319982426
7.644164859821708
8.670297266973426
3.640799572595178
4.900950471613061
9.397766122670017
6.1663036561993145
0.8246703117067511
4.751255037908485
4.025400878712925
4.929609849997242
8.049199140005463
5.486049463247262
6.870828865333706
2.6887475985029696
6.733328788032421
7.3576355736284285
4.709760795019534
9.345376109365537
4.380749516425011
8.18694015547225
6.402256599613537
9.044742607010209
7.671456060995937
4.799436486180104
2.8435962928883973
8.125383219170523
8.883937394562697
7.17183166603613
1.8719137490501403
5.313208933149493
4.674049968225159
7.188427811080872
0.6086903128057819
4.699378063997508
6.281760770337303
2.5537094356771184
9.342734571259369
9.077451229461385
2.167378676010814
4.809134931137952
2.7725979269883405
3.138929685187083
5.567924336844637
4.169372447963793
8.720040589823716
0.06530453971577033
1.8968813854791822
5.846558564701089
0.6573057266212667
3.8929999928069114
6.627255024339163
1.7241009271655328
3.633514214025256
8.21319879799543
8.796312387696304
3.485899499448175
6.06577001010783
0.4362095074335215
2.6103733055788627
3.0719891870040983
6.338968579186263
5.2831538066407
3.3402715116012436
3.6810768515076333
4.897041115436779
5.435749904671882
5.033554126108422
5.846358451535179
3.508283142358666
9.590310064008406
7.930427503206765
6.711161238661699
8.41735692400691
3.7607314171446973
8.017888836968215
8.162326518621718
1.7944449325523948
0.4955879686917519
4.045534945988228
3.9516830600003825
7.552870556938989
7.133838574355909
1.2241273357705762
4.3218937779593976
6.889746278202135
5.542851969521754
3.609319803952684
3.3568677220763634
2.2521258444724257
4.786357454277647
5.970943121805074
3.6977243207601584
9.61518465991372
4.691873632207027
5.323377059795945
2.4482092942994003
5.983298199087992
6.675739083836305
3.3275696275649382
7.20871175432681
6.432416517103175
1.2323611418835823
1.0223478219701154
6.574879871927872
3.400452227590276
9.53663228500891
5.246830502585203
5.505112118474045
9.48319059669901
2.420866090960956
1.070473216832789
1.3714707608720555
6.974412624657539
8.598341382728977
8.879306776802899
0.24846135197351016
9.687325463828921
3.963299220795978
7.890902182449917
9.170557651366932
7.262687696383432
4.074990993853133
6.351703002768546
3.2396386878995767
0.12158252708276418
7.117155584885309
2.133338230519123
6.551580537617695
4.287298521992648
3.572672257741626
1.482450412116647
7.742381086469473
5.662240403806339
7.141054892806591
3.005916038435401
9.529130749455062
4.54759353238158
2.3773346479654665
0.859731274813692
5.953721182784203
5.197399704752662
2.2762031515097636
8.440683540997643
3.1972313904943297
6.607538507010245
6.368900206832678
9.813398653044136
5.001468996463205
1.3287971604322812
9.774464889939614
6.104349004770469
7.36672371610442
3.301219890567031
1.9763092048987907
5.521976487051623
4.308338894330504
7.297056173485029
7.377686436837991
3.576861125144404
3.632471147481735
2.0849307332327816
0.02590040717637132
2.7917479414953696
9.217280696141948
7.5620135731196845
6.118801955871591
9.701973175868137
5.964646223183553
4.397394878862557
5.084012796827567
2.62748622689549
0.49903581564243793
1.609918001284305
5.546209326978419
4.588970330591141
3.8927511353056077
4.267038761082836
9.539034465913131
7.406482922593851
4.5971108046430365
0.6861898278174738
7.973467645598024
4.087418687036038
2.0737216570539987
9.661299242154758
8.14241363795544
1.6392666513034626
4.416701064981847
7.532531277428451
9.127154858741953
5.469332490052904
4.05988940963964
7.060913431260257
8.102490809583173
6.722626530860804
7.5453320201082255
2.562337844967674
4.504770541575302
4.272430938242341
0.6240769131677293
6.967579510359256
0.6766829165123944
9.208790053756458
3.1779533959244635
4.9099285621817135
1.554870503040977
4.528936278679955
3.336691628734123
6.583686974276699
1.7118113004951008
1.24925902886861
1.1647648852602743
6.66627846389905
7.0117767737151375
4.816979960547446
3.486184674281696
6.823953566690597
6.036303232630403
4.096043587768516
8.184687002416837
1.5526661640636463
8.229457385597758
0.15906868901961912
0.3408101264966601
4.106384161155093
2.4982982644910434
8.156843441611958
4.240639742673649
5.890094735524562
9.275362197775038
9.590819316961577
4.662310318553499
1.3759497154527212
2.705764643555655
1.67143125799869
4.250563903601149
0.8523890771546516
3.8145251194691667
7.223800455308088
6.329155539324427
6.66910431366325
0.4560443874571407
9.839296017123706
6.452316639185338
4.344554165495903
1.1233863609661965
4.206865008989079
1.0768354665273205
8.4522430251465
0.9245159684571014
9.738624910303006
6.317461912309314
8.286416214291265
9.074154252066803
9.108729904295513
3.854048031918783
6.875364123301591
2.408572381564108
4.566597939800411
6.120592040747486
8.386303797374572
8.187224785478374
7.9394852272999215
5.728154030733958
4.562954509115781
9.438816312046857
7.6214242833525585
4.101621239854005
4.415540160582622
3.0919545226946132
2.093734102338619
6.7623747583005525
7.647172474835337
3.0595368749358274
1.1234417681137632
6.1464016980179
6.027089100567945
2.651150365732855
5.023098609323768
2.101291210006581
1.5265109002641664
9.061325638101467
8.41003650578984
0.7228723621292654
3.8960395010472215
7.134561771754402
2.2907484050684856
6.690065612178558
6.370165267309131
2.149375625543095
4.652348901938625
2.437593616726834
5.248370353479082
0.6929468677392636
2.274524920591239
1.5678776556653273
8.487307163935968
0.1849631751147196
4.202247932488294
3.732089087350192
0.19172929025817687
8.859686031781498
3.9692481495494167
7.726334107423231
8.86438728407346
4.902509395690178
7.95676291461504
4.202446329991573
9.055222941884715
0.11318651675112035
5.726061319194116
0.7370854352569334
9.250822513828451
3.265094413303432
6.84663758097116
0.6916870760069738
4.266886519628655
2.953964119236838
0.6587443406870674
3.245019887440137
6.987319379199519
3.028650389743074
1.5328891179128001
6.621308021712546
9.610507624205134
3.2563278374343883
9.307474805937572
1.8839133497228155
3.981122586768816
0.5855605106040407
3.7936307207265685
8.210935095764576
1.921802209349761
6.856102272819987
4.503884716978501
3.9242308782313295
0.8971171969378389
3.3769049324801923
5.8918498551622
7.597767056649033
0.5533766372248028
7.177845886086601
8.265598329105355
0.39472830767911415
4.503979512550047
9.842871143392637
1.190845349290196
7.168541315840642
1.5608691496181915
1.238573337326777
5.0172477782927345
8.54852165638025
9.003623354570077
3.8013933466607206
1.604675915827397
7.537867564645446
3.2150421349717018
3.664660290259211
3.6116241292530304
5.725807101683956
1.8926476676660664
7.41360633019056
4.826352517311076
3.9980597361110792
6.4777641073086905
1.2463721219123125
4.867489460222143
4.27221303880608
7.476874418110513
8.935281506675704
6.447184757085013
3.110709377153836
2.462367839509577
7.657027844249908
1.017534762260448
9.958302774267949
9.956295838030307
5.92329805485762
0.14029257682603324
4.949739955359137
5.57677531782963
0.17969486467521167
6.668177038947816
3.1125230591244115
3.3951755487723947
9.046197681134984
3.3467403199484105
0.5857939409753432
9.342443473746801
6.709213821162187
5.105990900825854
1.1921453786378922
6.008098095333931
1.9335297293556086
6.71728654350337
9.155229732165905
9.883425132657175
4.364475125745679
0.5930086995611461
5.4225188819229695
1.0250524623830348
0.03125429312475725
9.711323713069541
5.982065244554655
9.293655177733607
0.5891495480327613
2.8226745646952036
5.298705448087069
8.927898984916826
2.9493572975211677
2.9608544330174382
7.724313740138972
9.059299204983338
5.406270584073783
1.3199587983458572
6.391660905050091
3.691355845495422
5.5820435742453265
9.270441450149804
2.0515769011430307
2.2197302781417116
1.2115683766193042
6.948201727303981
5.640957392369508
1.57566558820613
1.1775058961855311
5.202861520516898
7.003892866255526
3.9077317223811283
7.069882500854806
1.2298327066311843
5.844076949675
4.620493303188625
1.3782576350674647
2.494216191526506
0.9992009662777901
8.928495952250016
9.199050522440928
7.27454150602287
7.0825292709857575
6.240956405703102
6.245342999254563
7.5584270589690625
5.214636618223359
4.156352530712057
6.445052283731999
7.433850664838122
6.548946702399478
7.6728634720017395
6.817553784255425
2.1751746549771402
2.83820554316181
4.7516837949292015
4.186709884179143
8.989737026549653
6.623133144606587
9.480226027936736
9.699395468491009
4.26515199802588
7.447294048744353
7.1611758258641975
9.787377060089833
8.824090121300326
1.7229532902202493
2.141920410270459
5.246841657190605
8.837865730404745
7.086462432078621
8.204556962564034
9.055638672066165
0.982784685052932
3.834751118911165
8.222041925427073
4.55092857678404
9.011952264617975
9.156612097842435
3.309595991112504
7.334291035794757
5.754551627659711
8.703422033351956
9.206187466702389
2.734675201278498
1.5985156712205273
0.8771064001381967
8.825656655076632
6.932763459196659
2.7567293670153714
1.5975805375267593
9.560942953075388
8.298207447732354
9.87427622538965
4.196886705128033
3.0026327045876213
1.2314969843764156
9.748429270894745
5.999915445416741
1.1871694126131693
6.986797077276212
2.882480424647923
6.3709728844881734
2.727521178656013
4.2957602456835
2.810593923839455
7.225507023505207
0.21316327268669055
4.006261959999858
3.4583952280151156
8.830694737954921
0.8188924681398657
4.145484665690428
9.594938627497148
5.89164678210758
6.43769101215069
7.7326653684725555
5.965260775672312
4.524452258619839
6.16803119124138
3.0045753558188237
3.678285738944287
9.430139306298987
6.4816259045288565
2.4016178898216136
3.833145462682946
6.817117086317519
7.01238658361802
2.347527762064987
2.607639057656063
7.131153634253913
4.574873800783804
8.023604243221934
8.168713277832222
6.694170997181082
4.906086303913783
5.072316313443885
7.733959329635828
8.823631749678283
1.243117960830764
0.5598455938970237
7.057220615100706
4.168942576057788
5.378029569643381
0.5496115277890212
6.670475030690449
9.706923187766666
5.972090481891962
6.5048547123170275
2.9943875511638005
7.160386446713308
5.434962989663194
0.0418685355147419
7.065536702680748
6.079133492665875
3.114143790224886
8.44415460646546
0.4589174934417495
1.0093105692252646
0.1808299877263564
7.274630512857577
0.6229993888974328
9.770764958367531
5.420065538927368
2.9010996418483472
3.3434374854748192
4.120111693001708
9.167198923228469
9.157836926151443
0.6671815290164118
2.554442692054516
4.94457816271059
3.9398471486469457
5.229830411693438
0.08081976230742471
1.425464396707855
1.8664265866913243
2.5664705132227486
7.817727432910347
7.386753977702641
3.034189264079049
3.208209038199753
4.839621467783274
0.05749609925258525
6.415303971505503
7.956697626567131
8.545191749244271
4.712036896112117
8.65420380607253
0.5350215599344343
4.4651221367534415
0.5671576581806503
5.874699866733434
0.6866888577524943
0.3000879269909784
0.3152403098559653
1.364298788342584
1.0079656043710927
3.7454205424400575
7.467045931064028
3.611820053169601
1.0302591647223758
3.76186661274017
0.39821263561748865
6.401586551978543
7.4457384092859265
2.1735317946574986
3.010487442670091
0.11920791949197596
0.6377046735199476
0.3812513087514602
0.4261499380532452
4.083164252289148
1.5893001973093646
1.9289215130280768
8.157311316844446
1.6957320936868714
7.673084948226271
0.8379313686638157
3.555485675680453
1.4263807280406404
8.779014601188047
0.42821750155108584
8.24870958106738
2.880785171337905
0.419431505255613
2.4141700857285575
7.164318929477492
9.60265013679079
2.44817403784913
2.340172331025353
2.524652939731058
5.428164283498779
0.5448596921885429
3.489299407963118
5.469595973996128
3.215933120873423
7.629254859271999
8.604737464945604
6.103744074727623
2.450821455415956
0.6837779463534843
1.7090282275647395
4.440195306672954
8.206809474940874
5.830841225692145
6.758483790667329
1.6739985079134911
9.619472722496235
3.3817441169180116
6.697607832135905
9.680474325758174
4.96044045884169
3.7356003001821945
3.280280551264875
5.973853876937371
0.39008142802823387
9.548484626297327
8.976409250459124
4.6639186337755625
1.9174611391849838
4.5695797697948
8.476693470542656
0.20392700073568748
7.712811832158454
4.570170905113732
4.0169402053251515
9.562181649167917
9.076812650079777
6.840098795531935
2.8003981641405207
2.1812008101230895
1.916212557741146
8.870145486213717
2.660321727975826
8.952077398036513
5.495627424953334
4.274255954290599
3.888846850943033
9.436082890500451
7.949820603349175
0.39705457327667837
3.9790447037302643
4.165571082870958
7.613100204784159
1.6845748860616838
2.0185848716067856
2.403170173793031
9.363099132588413
2.0014922333368057
8.09886379193942
5.4316148931595585
7.046239991711029
8.937152665403513
9.127518558820194
3.7501963160731
3.0769846873219753
0.43681851932954485
9.755646313653354
1.7818435052848414
9.723532600280565
8.53983207833869
9.754863521589098
0.5549352038467115
4.206680706790834
6.601059733989646
4.313941301442979
8.183904786225915
8.13862218780875
7.904214245551071
6.457189766294724
0.2738631017643989
6.24605300658684
4.321294049782095
5.83888722770333
9.487908138042386
7.300017009491755
5.785806098563651
7.403732510528376
6.45489435139835
2.660707629206823
7.341066852278029
9.915689915539078
2.5881870544368404
8.604198254292434
7.1661057450105625
5.316789915915655
1.6417338986414265
0.867047416671427
8.587963097879008
5.893171360691354
2.343823034532603
7.118803500924699
4.1931505733363315
5.666249894644757
5.9208437798465985
3.570202731846972
8.76492125024946
9.025522053002723
9.939908924510465
3.682943744929222
7.993735640189115
3.757602915855615
9.79381214723221
2.4109125823375113
5.418910017846693
3.9359454112415913
2.154184071994114
0.4967479381798501
2.981591161464756
2.3463776973432338
5.149725858800542
6.5572521152078345
1.9988751698429597
8.347918717463024
9.233363772415819
4.411717367235932
3.6861846148009967
5.1945285446169285
5.681056416637289
6.1392663967098215
3.5665631074479
4.767347662753317
9.871895488588857
5.188652337894316
8.47519847888121
0.10957266798503063
9.442130602981333
2.725939649141671
1.2715551233926259
0.2942799283660802
3.807143118428351
0.8940149765325467
8.970140827615877
0.06028153001195857
5.794679203951576
0.9205816837034286
1.3180672594800502
8.232259050706626
9.153388314010146
0.37897167278576505
0.2155110269369609
6.743901499409049
7.4979567132091764
5.723340102549268
5.1925024447776735
0.32469877738651176
7.239759759899287
8.7001233377961
7.705258641788176
0.6870292043985105
2.9850755228879864
5.505409764628622
3.150704251579912
9.552511039237856
7.170017894353643
8.69374702904369
0.17785162211296224
5.953530409617355
5.358188868246927
3.0518028242664097
6.299964536293903
3.8590481242155827
2.6634767146161065
9.231866907670161
3.8007015119603693
2.7268075011710557
5.815179911207441
0.6435513511904611
2.5936871420634064
5.395002545729248
7.060520942184082
9.298027744363992
0.7277244739438449
9.287359986027509
5.846719518679175
1.4795543246357667
7.476088475971105
2.736653897538356
6.614367828158402
9.218322827788985
1.1760586707787057
4.710976131899933
4.389118214193451
8.306662662567378
4.971477464851713
9.487786691126809
6.229045323591454
1.6272423999019314
6.702262441890078
6.764325415458272
0.09683952700701215
8.758202208047173
7.200595863074101
7.504166403908052
6.511338844347318
3.488540955287718
9.210648226700789
2.017176555772262
7.986459313977034
7.087399671321553
0.5689849190033425
8.301552421723134
2.4478709397050356
3.5010931754136356
5.581665977186701
8.090386606858365
4.896551300763031
1.0402091218644127
3.8494853633293644
9.446465251648183
4.017859240071818
8.293017627929894
1.655049070262824
4.010160744346397
1.7220385120006587
9.368039132334108
4.0817627229040285
6.798583564005204
6.0886778817015506
7.25773856911712
7.442978100949041
6.479187643826103
6.265364077375636
7.334087350435956
6.441381052429625
6.126711998873343
9.638693920417237
8.792324677625263
1.669332934749248
8.082690253213526
9.829552894725119
8.05760952185568
9.156447339982845
8.263200191107762
5.81558310210721
7.090634746273894
6.861105814181977
2.157781314003228
8.944214640975547
1.1027921692593756
9.992934141681996
6.5000861178796
9.604062429307454
3.3170589391594762
5.947101048216447
6.500491139153128
6.264430204163947
1.2982044641086532
3.855773216809953
7.080796908185852
0.5103472495510231
6.306966304789202
1.8444690448285073
7.995422874245311
6.900221370304985
5.7263340542149885
3.149844725565453
8.865078303209751
2.899932554918717
2.906094242164584
2.093844479724014
0.22109512069629633
7.702498507786472
4.140939727959696
7.712912205026662
7.205599126204043
2.982724117534039
6.784564854225389
9.3464639141293
4.305946430669043
0.08263347412997946
1.9731126272567223
4.8012410930361025
4.659435040274575
7.766891135335138
1.2346754034105512
9.928234054366396
7.1287180431072015
7.515639335207741
0.9580174854987533
1.4999003332988314
3.3745253317291066
1.0553508642327392
1.0350874067379823
1.6400311443154147
5.70066981778465
7.1348954709074
7.538080911062332
6.36423388407013
7.157263764270784
0.7157083548609877
2.04319209438381
3.8885206002629458
8.702249178262424
8.527218003235348
7.632679317473904
4.916691881992846
2.72931053063012
9.797281703734775
6.9985046188557885
1.5173427343456747
9.033157168024648
6.143070117297765
5.927057473999535
0.6575934828007646
3.315792772386988
7.639574167107478
6.983491986471458
7.146752182690398
5.242814314622923
9.703222985165697
6.480373191221622
3.487877135054742
1.4169155144727585
6.212513213554599
0.41180777845886807
2.8108982953328976
6.997217014225127
7.357264344397154
3.1863096531907784
8.309323734035925
3.5987775419512213
4.52504138438681
4.531482632455282
6.34805224517352
0.7142617013719432
2.114862735346507
4.190461025852401
7.228168598735812
9.765961803265583
4.230713427797069
2.1149062959796283
3.8806031303256985
3.696703155696012
0.6100787327324741
4.362891941232556
1.5298088715030889
0.9520529037522629
7.224604882485535
1.6410894071072235
0.629283599931354
4.985340787895308
2.670178173348434
5.404799239593885
6.926483538476278
1.2322322379093942
8.572712182060307
6.8206932026180915
0.6837682097886677
9.00273360308474
4.628283488060115
3.2945712358986223
1.399321055602285
3.2234322777002444
1.5689079900816383
5.35658536089351
5.137741221457867
7.082066787629909
4.88156981173269
8.955627782845406
4.521399216727309
5.546566586512048
1.0318652364031289
0.2675281832050447
4.323842242629575
7.648825226326579
5.278764559274899
4.074202523561881
5.2620025351662045
5.699193748581206
4.1429276505877555
0.995047084823677
7.222217784190514
7.287156354062468
7.782608519040556
5.05874893111269
0.5473254068322386
6.086302908957043
6.77385334829753
1.4447223790816877
5.8588685313859346
7.513197754823021
3.336281164142909
3.6423679603218884
1.3914870399049983
2.8066214625273944
8.900236340352139
9.194895293859158
4.993584740576843
7.607389459849134
0.14240446831101372
3.1510036971241817
9.373047618484044
5.851203852008804
1.8041598201197984
8.356065713363783
6.145933736602274
4.587237242329239
9.563809485660443
2.0208559929587944
9.944937890111994
6.949569849127586
6.625525023040918
9.616112302117164
0.10558343774844992
9.121731977455328
9.561155312095602
0.1350068993605935
1.0546322798935825
5.81649258005079
4.177913553860644
3.471916886052032
2.90282835412641
3.722831528588756
1.122405238829467
3.510196983036724
3.757585846550117
8.301839691050258
3.1554542690961473
3.1881598492426253
7.2962683929292425
8.529892857250614
1.614258029117842
3.7438601020366837
8.522909285149739
1.8065321797482414
1.4799162521965425
2.5149316551850998
4.941294810749977
2.316937924066891
2.041753060570831
7.85972908382721
6.301864118474191
9.640591081823029
3.9955367376597337
6.423387264166658
3.5359113306359857
9.217440489726918
8.762565104039755
9.127486674881037
3.8223095299829266
8.643316145591491
1.5368200594107184
0.09218749194602971
2.2059460587786326
3.120988318522225
9.517969103540285
1.1559093244406171
9.537957001099214
6.936598680923143
6.211976298148642
9.87943472772934
5.755379730818113
2.9037902439809504
7.110119137642499
4.650127642948395
4.522329194397629
0.48511123021156344
0.5116834944402515
1.2520562932887247
0.04867437473510816
2.4831580686102948
7.90687197293189
2.9643379663549254
7.5384488641638105
1.9345524032712325
8.601389765234128
7.011599334709025
4.179271594473945
4.638883432149149
7.180556824122526
6.75668047505435
0.5522934478963093
0.8803953281770627
9.1464732736671
5.989775844457429
7.128682825385049
1.6208363081922128
3.1436228087870077
6.208047093729144
1.2869096214218756
8.69446052755325
5.153222949459221
4.076873910511045
7.795078223206929
3.7396135472296055
2.1404788979937295
1.7695363193880354
7.280363822438182
4.905108338611349
1.1901596029462358
7.175394625967911
8.344714379644746
9.334384291712286
3.834651975046186
9.203325446260513
9.715577590205648
1.5760087056022731
1.0595356092347719
2.999513040437826
5.7705143064872075
3.0145650879672625
4.895246590257646
1.3016168067247391
9.033857794909348
0.902701955160029
0.3458385572457501
0.657081999988206
9.475753573885363
0.40032180663637784
2.1238273167091437
8.233788546647874
1.2413598183839314
7.324438410022546
6.8943077472439
4.052854642490125
2.268262050008376
6.964985876884308
9.066707707935596
6.906242322354666
5.536495011101383
8.227477405280357
5.102548571349881
6.445194392933285
8.543527287513367
7.83755776243312
8.310556904162937
6.959994146046306
7.3133665741401614
7.640501406093279
6.096993269984551
2.936449779153368
7.359543840282063
8.191112796403683
4.085915541083827
3.7429292528944638
3.9630423901403358
4.607369797091615
3.195232089191883
3.410841622939791
3.0172131001303515
5.056195030085111
8.47120311800191
0.547472542452514
3.687399799220131
4.197317790809239
4.573997173212047
5.3124672201630805
2.3475696883650174
1.7904843578774998
6.675645031701202
7.168821273516288
8.490137937080833
1.898548903270565
3.1047544165172605
0.22391265142400085
3.14436744476163
7.927921597181525
9.48588270597279
5.163986394557652
0.9220072620346853
9.38947797199257
6.412528802716989
4.00571557639535
9.243405344299534
4.744796164483159
6.654416670102887
5.770020663337965
