5.471911883661624
2.5012523952513144
1.8561317706356606
7.908428128790082
4.563652547847603
5.670549293489381
0.28767468181345013
2.9047780554375766
9.396073841587237
6.657297703643779
9.075345362282585
6.413933955443144
5.204629478621498
0.6345199269415691
5.904144873026208
4.666455945300173
1.0599905043309954
4.640300429147908
4.159104151560811
7.802203185882004
6.328246245315706
7.0591007830709955
1.9412141932487026
9.724946629593274
2.6027890126562547
9.53426674340809
6.597551180708573
2.7447377608888424
4.381728242820685
4.276556337900833
1.7107766654799217
2.7571955092512477
5.389239909954875
4.068706362734381
7.881767066042658
2.894487121469045
4.985885254524041
2.210716010607893
7.466810011919959
1.0520140917344079
2.6682833891096616
7.0095160868931945
9.43229729054052
4.802701492220631
7.009474904314692
5.090973272968576
2.027599934233908
3.072648106157528
3.887885374094785
4.812654755509611
6.743121494033662
4.231331989092101
0.6435926691054838
8.693573589955916
2.729992924194886
8.495187067394829
5.268343256837971
9.585880353861691
6.456166312669344
2.7274648501278698
3.867388726778284
2.429039185131633
6.008117925451187
6.6522512426809115
2.271958562640161
9.587003683469229
3.85839710523301
5.422145900692874
0.8237854113078547
4.294149666723031
4.891937689216861
3.6210899507411334
6.348133199744426
8.783228657285296
0.361207867289961
8.936082724891811
0.14504895758786662
1.777793509059431
2.103080352007657
4.761202340826251
2.5214571516843476
3.8638053333961686
8.32455413298421
6.550907908560743
5.90018705529455
8.808938238147864
3.8374823966136864
1.0216485821987231
0.9249577580655843
9.691366429330673
6.919784011992979
7.748590696949957
3.5752024821683204
6.458033911275712
7.749874905533595
3.173358437678302
8.687407302996474
5.3739524079847705
5.687011274837692
4.830277050195594
0.41760250783002384
6.459088738796766
9.510471177653198
5.006296160670086
6.653987158192499
2.8719643028685304
7.34873211231763
1.1458111886129008
4.667518945110815
7.938124473995422
9.25349197505985
3.3233744093709627
9.908523692185089
0.45045408270933174
3.042617073492906
3.4759197735105163
6.540546870672614
4.548380476474042
8.120103435881322
7.643411596311017
5.327988569123228
6.478131845552424
9.159681933517072
1.581625458311593
7.807671775206472
8.084118398220928
9.778571370034099
1.041467954851415
2.809399813385265
3.174920322132394
5.72392400504394
3.59419539290867
4.908304788115983
9.495922282446848
5.150793402677887
5.566576509344532
5.392183276948652
0.2989633018322013
7.786270520750456
0.9337324226052457
3.3979419002741054
5.213930899029439
4.55922088724007
7.938051242763065
7.581859950270427
5.1082452250668995
6.014980266257137
7.248324336636357
3.9905924226518508
0.21319990599483973
2.7153856651406927
6.004354890770963
7.073026091345675
9.626255948783486
4.2625764215868305
8.836036677135645
8.108987439527942
9.25926344973062
2.637346558482795
9.795587539431766
9.689026541139382
3.917749732681605
0.08720737040113113
0.319500510425168
7.0268688270911195
8.769303451843793
6.290110549905528
6.442971065471915
5.238477060757047
7.852222036285863
5.891516947431992
7.494848514846362
1.552709443559267
9.002410197080152
3.9195909875374335
5.398314433258306
2.187591847596042
0.9775935791280732
8.433396623415879
9.178273508327615
1.6814754211395677
7.441905386894887
7.582444076862154
2.750382301094602
3.03088208916244
4.34371469365785
1.135693716093047
9.167905182702473
2.097618499215621
2.4479344938892367
1.0556102993813954
4.070325267717109
1.8000158281459122
5.378132903166197
9.576027339066016
3.119911648919562
4.428485279336884
3.486555581069213
6.13609921918333
0.5657739440987619
9.545532009823779
8.830565869243003
4.894496564396029
2.829362717878914
8.517345600033403
2.065630047846766
6.893206457829998
8.439248968704739
9.41131892515313
7.211302501370332
9.066893648227973
0.38948817035263317
3.371058592826215
8.560466212479932
2.972528604490634
3.470112356170856
1.2582576217971853
0.20473870361925495
0.47879774748840864
7.3847903742364345
9.599128613042234
2.983420314683211
5.312015056049559
9.482932317762513
0.16580873683204156
9.935510009307892
7.946674646625245
4.524227303317547
6.294474615620266
8.570224293993414
6.49999776412492
3.8500972713669244
5.47549873473905
5.340698046178408
8.04964281947997
7.3006937151918265
1.0055173712595922
5.756181602371084
4.183923902322625
1.7813463285509268
5.985599112898648
2.8854496694912637
3.8461961486404137
1.595755056684811
4.801870375775551
4.124007855262243
0.44743624220856204
7.551102674805992
3.855521795353406
8.468816831705308
3.4616858752377997
2.7466168075948683
8.56457964518657
1.216448919487827
6.631013505353952
1.0538323353834422
2.7386593895018785
7.635379233482421
9.761262277023253
0.01714231545425049
2.2855514928993337
7.101804087139981
1.135107710959239
9.526218461940397
0.36084423030581236
1.7356670928844853
3.289985721341396
8.740819822379537
0.5133103739703304
7.164660318324926
7.915032390359956
3.5474970295889507
2.545058447938974
7.217413248626803
3.002955470279928
6.419677584180777
6.3674681886340085
0.7140855684940428
9.378919782485411
2.5656038270114614
2.536078367891461
4.962059227127485
3.2559032819068676
5.009320435479808
0.03676683250058432
9.094354046091869
0.9393839282166216
0.24441975734336596
3.072990132761854
4.607100756175263
2.5707241281724027
7.125649174614017
8.220083682337002
1.2119990592174446
5.091334534813717
9.057258567849761
8.871476495253752
5.668537112929205
9.751246454639249
6.958133476004461
1.8522360607230426
6.219089407903111
1.3437651690031782
9.590288608804263
9.21206167971832
7.552023430567854
3.1199845560198805
0.2495018186163689
0.9380243322460002
5.797613995819344
2.14210626792232
0.7763015951169749
9.368551690188943
3.9791852589146224
2.242801959835764
3.0210951206041137
4.443131453698111
7.120652207909694
0.09265703357167698
3.615492321028521
4.23879674200156
8.845542908587671
8.056084914563764
0.656169977254013
9.980325520687334
4.483480409014384
7.211018181497822
6.1055301076606305
8.080595730552067
8.192462918109896
0.46595428503106606
5.069499796473932
4.084526974856173
6.061410484947088
4.681351265494342
9.888209594543403
4.996495440756872
8.697005380931229
3.5891365540071485
8.360319954577285
9.971721437242554
9.278262083307148
8.49298821549681
6.352501226686168
4.294575932531567
3.712571375153879
2.011261273289718
3.085824231806736
5.202575395446706
1.6249504044011198
4.191158125318336
2.1561614420850264
9.047006843980949
5.684311403619829
1.976224784923124
4.1502210133825574
6.414139238740559
5.382089330362878
6.823228494413066
4.694985244320955
7.720647718894319
9.825748728823195
0.5685975878328486
6.317263321934508
8.732301248889497
1.264270966245007
2.073771767093271
2.092683152777306
8.834203891646032
0.18801790825280995
9.270672126377669
2.072312604105658
1.149657795981357
9.587133736885713
5.522624929919884
5.205481804413537
3.167568223865996
3.989112198522938
6.495870074975173
2.3230062940812237
4.564183218920884
8.073223494183324
3.242147037972969
1.0899477223969478
5.750308812643001
0.7250429525378332
4.251952884963903
0.7594042519040989
5.263516264920125
0.7651672058484438
1.9416367226091014
4.82080143284119
5.612761876009937
8.625005366134333
9.364552119957759
3.422569697986082
4.632360216735942
2.9956794395639053
2.9870856680005953
5.461452507141027
5.458493045047471
1.055769337155844
6.508890163117199
5.569078393150896
1.5799962832950798
3.7053954261881614
3.0641148497169812
5.770448759610552
0.17772518567778728
8.901256585721116
3.8054123518857788
4.073563379523305
2.5850536428724933
0.716965768931429
1.5100963873548823
0.28171401446015265
5.73053311369104
1.1330475669401396
8.877774124667637
4.736850972061898
7.5058868143863435
2.112679292202424
6.257985174862623
2.357367060248321
8.907858084504275
4.824799931790111
0.4969229935359276
8.807970404618596
3.9991050836992024
9.325210864809478
7.1083041668215845
3.4581674888606893
3.3272230286851965
2.7934954343471685
8.652733924127233
7.4270333972771185
8.153093617375779
1.1796498809640543
1.9225606823454089
9.841189547384534
1.9867993094984948
6.970832502591743
4.3592845012204195
3.445748871107127
0.1697063779611807
2.0340019127901665
3.6803394243028356
9.920899061093813
3.795164939538326
3.5950992796068
0.12010133328321237
6.672777230401285
7.321418046164676
2.860415065670001
3.5845418858723663
1.9805273033188153
5.660850936210623
9.625421357964102
9.985181183994927
4.979291956812294
5.330408475142026
4.158447509431003
8.65418124256495
2.451109581844931
9.080177836341436
4.889222953921321
8.974217724499113
7.294571190838238
3.8089736586092737
9.800755992331428
6.543814096408854
4.818398467467638
7.426723802593243
7.281447657325398
5.1989051700492634
0.7698771313058184
1.9824333348631185
6.250147434683963
9.638021555407594
9.083856909285984
6.062720635940747
8.837267688174366
8.057481373110814
5.255456554597048
9.187665664388335
9.514295555638581
9.06120697856043
6.723073770352408
2.7544748665507104
4.97311133335013
3.852877142145558
6.537715145746921
0.40127317583440014
6.5196894938706755
0.6282007934250999
9.160645539950034
8.447098195063694
0.09384530943811309
5.073587374031524
3.950177078150099
6.258060336069494
5.362133688121146
5.6409661950591685
3.3613792068061263
3.9476413451043104
7.61945531087529
4.134813398034921
8.03739125861128
2.7714781605143193
1.9185616921889803
9.497184222814507
3.9519024511946887
4.098619603700703
1.339338227364928
2.136030435691972
3.911969432583624
8.814859516854073
7.198271106348493
6.770959297357331
9.443195559652697
1.4835784487325199
9.977724198755046
0.5367364674522024
4.022081575587095
0.9639710294335258
1.2000678276855925
3.693398268696236
2.3251222224203194
7.710672455494098
7.426596069308573
4.886387582119735
6.915688776246087
7.056830149384976
3.667312489726895
6.594259657166366
8.983255631722438
0.1059099801141683
7.314063096487691
7.388570470797337
7.692713979836353
2.4954642484305634
0.9623689998329465
5.021385102712771
8.464662928438994
8.707515880511298
7.9029049507897255
7.188574638639721
3.163685466972116
4.724314417934252
4.119201087404121
9.443523208898588
7.109528103420794
2.392961969845037
1.3767032086041397
2.4761354530525925
9.931593343671533
9.425899051561705
3.272330672203585
7.511145297477971
0.3775171017018597
3.595238916896022
1.8803279527665329
1.371825683027471
1.6893340981031657
9.62316069426381
7.783375917545113
3.9217058536887506
2.4141527562832965
5.491241696887444
4.107087997244311
6.22327768913941
4.798881043753873
7.38878607306889
8.255193790830186
9.804042865358122
9.731854385355094
0.42628820604757145
0.936391693245292
5.444682415269994
3.9325914019010835
2.6274833287473887
1.532297830995658
9.535659009130304
7.161997309000675
3.970754632870428
3.655950393410655
3.0683936722203473
2.5625525750940383
1.4397358025594498
7.499337550542408
3.9737562505684423
3.650844726808881
7.421104925773074
7.816162013067189
7.2603912988141595
3.876497217272771
5.7528457416872625
2.297701563759996
9.168772694959594
7.764826787426936
8.481931230923749
7.3733831057272825
5.456696790082846
6.948734040637467
1.9921313466479695
8.708204197995293
5.915089208873327
6.882551721679833
0.4028886881440119
9.038189365211386
2.603988233485831
7.292588401698389
3.855312703322933
5.633475048318026
6.579718852722638
5.1088914677864565
5.087922557759886
9.553171170367916
2.4020916803076986
0.37410738279872624
2.264683640888485
8.079855573076154
3.886616766041191
6.277489652768863
9.659011928212951
4.318722252384979
2.6191291149843465
0.9866572871791424
1.286759008369136
4.339717441984494
8.835252104003867
2.4662278585958406
0.5817361134973509
7.006164818414213
3.2963341191258264
3.9956597688046633
9.755859933275234
0.8757636969885019
8.549221691916516
4.416017424180973
7.284493600429183
6.764905486403514
8.540527736593107
9.638709965805786
8.91625616777653
3.7536982327728574
5.51674237926341
0.48329033273502464
7.41084719186786
3.4936690174568708
8.291837847816128
9.035891526611126
3.8784603418384114
3.3005220595929465
8.091180634662416
8.32096217554992
5.775384295909279
1.0940835818339922
2.5819348433754774
0.4752081065530145
7.311291514623925
3.3069880939783394
8.70632466802786
6.192729327668291
9.132025834968847
6.02931401217049
0.9462687594824515
0.5415947203840688
0.36138861563591806
5.377680665308363
1.625347329566933
1.0186126145742391
3.3644621093069693
0.6872335605665125
1.5888145508041895
1.8103035566886905
6.010997017688281
6.30167590646443
5.019706878378781
2.379714303568016
1.0755974381996891
7.022555211235735
3.2843398811503564
2.6154329447340032
9.083830130827227
1.4473243479841114
9.68123974091166
3.880480848735106
7.305135091049778
0.6957996511825892
9.527263063675745
2.21054605850451
5.7619788052877325
0.06465472984959697
7.774946205128855
6.676332425330402
4.497445962869166
7.263233977201629
8.333173084251673
5.875457361098383
8.040052216935985
7.739634440826318
0.6886204631752935
3.22859831147818
3.783444139732378
9.932717173200924
2.1732018002490405
5.874277569066093
6.7461695731397455
2.004161108773893
1.6970943714736375
8.349720940042873
7.352064684208396
4.81410283299935
2.1301921905308796
7.8219624224858375
1.2393206517107769
1.2566522770711774
9.042650673790734
7.934996622521292
2.6240801179324924
8.76270418184377
0.11771349787102481
2.239446595077651
2.6060107986668566
8.847462863770227
8.15255048313544
3.7058723242789315
9.462305953268261
1.5627628014327444
1.658084238483094
1.2027360223268646
2.8404177983363255
1.0550041061705584
8.535287482020186
7.845000903031223
0.2813663111391973
3.385583148689485
7.564576963445634
9.768611381878996
7.703334812946284
1.460618840771608
6.835426247493435
1.3879880842635461
8.849418327720253
8.782090165834257
7.730784115734499
9.096712219160827
4.447921925395756
2.4222496403769087
5.878712174933025
8.087495197247897
6.3876545371099205
9.578042046459666
5.14105598096852
3.396810543300285
4.418531009915004
9.770283978311124
0.27565553885716687
7.50505938487716
1.1816919675150561
9.169537141243755
5.662100764050506
6.611567277639136
5.0651053670473525
4.4838356685700145
3.3743190925337254
7.497082798107943
7.650229756037453
3.2491138395897923
5.937371174435407
3.5529857582728686
5.414993721227281
3.265840089768756
5.268362860203204
7.542819970764204
2.8719212364137316
5.629770420020366
5.7650612216650785
4.302838177808244
1.5137858643214064
5.136177844916614
4.03095293369517
1.444320508946636
7.398446872076163
8.62173156666286
5.347185009148657
2.351380331068713
1.8618546225443544
1.291397099157554
4.947167738381204
5.155430695771308
8.671517136771708
3.88190491323658
1.460974633828842
3.8270564024269706
7.789233760049372
3.8910930851404855
8.950736257764408
5.2652864767572725
8.860063453958729
4.0915287498948105
2.3715194241298034
3.942764441161292
2.2941542894576727
3.1437964012522936
3.389529102931723
5.315941636999696
4.396850159367158
9.665576075815556
0.5898045427927012
7.368464860996664
0.15079955379107668
0.16892809055877533
1.9296982341410862
1.8532723198252166
3.1267985571383305
4.16014936970278
6.72279206089495
8.196809915779543
7.085336341982744
2.6131698366683587
8.211556442340296
3.3151015944322837
9.398556721624592
4.370875607414079
1.299409458040638
8.337781838718211
6.549597853685777
7.653977300549988
9.704698240314451
7.245498983647433
3.139923623953056
1.6913149789622217
7.092569028783217
1.1075859742735195
7.401886257418008
9.901801319154051
8.495761005123047
4.546960183809268
1.0276426908830572
7.8561227954302995
2.984985892872918
8.904419980928061
5.865630962207089
0.6460017114258154
3.5713958797056486
9.075220144644092
7.523374618257154
6.627577673733336
7.765392073610979
7.684099294897707
4.103821852450599
0.7595042319694034
8.86287288705837
1.9717022774632686
9.382219061547284
9.460138244145575
5.77769415870894
7.08896609322105
1.3216041156727443
9.617930260173276
6.3018446622624325
4.36122328285005
5.661517809643248
8.7597127211607
3.4477574327661387
8.449642798543286
3.0493272876557995
7.108756538611056
7.479210709491634
5.4743767057761925
4.849350814161295
6.586448995236836
8.118654052891332
8.719345555603397
1.6681436930943827
4.347041676363258
0.9885288934302461
3.0153139695436435
1.8711531680028648
2.6809554121884283
3.5280932295049006
2.5298877324788984
9.058464792496629
1.3809541904599676
0.29008730565964536
1.9481826337909436
0.5237596296654079
4.0472331417732
5.957494358612209
8.481621363722443
9.471345852366781
5.340596527428292
1.5528289120233962
2.30543814108782
2.2746778134719148
6.122450407864798
8.78740101380702
6.685760557000099
2.8578141408692073
0.2359187031125809
2.972062613109422
1.0228754918046001
2.299389518072771
0.3901240376502557
5.658012492219332
0.11070131855127063
8.600648770466716
9.791123405582123
0.2878937393726899
6.705751128286794
7.118765643357415
1.8035266708988762
0.7373772042271698
4.628602589706842
3.307399315354147
0.23629685983584392
0.887894345528154
0.08126701333364239
6.964084701857013
7.890744540411548
5.346522731263542
1.3899627933053138
2.9832284264253275
3.9063853277230853
7.576036934131749
3.215659262530294
9.826969036795997
1.8114087746480034
6.810320052690075
1.1818177557753307
7.1923965097937135
2.9416095822683808
9.227567589411938
8.904317188161432
9.787124624660558
1.1623810174289229
4.551213162500423
0.03721280489324963
9.263033849232276
2.2302593724154205
4.916554605517081
4.257852055360073
7.266217162412105
1.9956014655327081
3.954046699908101
9.528856389107437
4.963578272916063
0.7809000886057393
8.674856938867327
7.280592251577305
5.2572851148960575
4.418427899755608
3.3666774383673226
2.0962321714769083
9.068083653929799
7.557356336546183
8.66495647433992
3.2114308049076437
4.666213383401251
1.8412032421431956
3.1247062947236603
8.651389409086933
9.98778344463016
9.256524964386767
9.394255965455931
7.016852344791471
5.423711174304903
2.432072860497895
4.43014030410653
5.497999004067257
1.157093188843109
9.660791388385192
2.21190518139857
0.6991027729850552
1.3278962172247577
6.664273090223575
4.975280657339218
6.641355569920108
4.238707817792966
6.752257420731771
3.1139469057896028
4.160812323814533
3.0875620760068436
7.00434029027816
1.429350304634014
7.548248997461762
4.372134090597331
7.230765614255996
4.395150098884314
2.0299858532162975
5.0546945270861805
7.707805516861334
9.944145953786176
6.469655375443067
7.197963622748268
4.050879758374145
2.617478013751774
8.119100497518222
7.149801442079282
6.548829356353098
5.786290942979133
7.754385544544842
4.338114172394163
3.531141477920381
0.39632586330235253
0.08308226991579182
4.186196070296647
7.992061433981154
7.330083406924063
4.189634133436439
7.966919516148904
8.679574206117804
9.77230662699662
5.346800898407171
8.278472316152747
0.6254155929813143
8.279566405051535
8.023277570094836
2.111762036979028
7.130524721456507
1.118922920399591
1.9645854539632501
7.645384162507193
3.3676217986210952
0.8071272125961804
6.80583300086762
0.6098591569436385
0.5662332221471766
2.027377635931331
7.278626065370873
2.550999169226098
2.5878653673844854
7.659524853594643
4.526746141915173
9.456092240177126
0.7016564031633499
6.216048840426348
2.772054240358377
6.162608886687485
9.050416835279142
5.888098937309147
1.9212173970898772
4.337584233707671
0.8334888966502452
3.6418828554064744
1.85568923143404
7.49217458631687
5.086593509277741
1.5704961278597485
7.449875561854334
4.626405350252341
3.6280350433879405
4.5203477384614645
2.4501952251354475
6.5162289773802815
9.251184473243018
7.5429075214257875
2.1909429547769568
0.11566464358914952
9.134702915953026
3.3634941750921996
1.95569016724355
7.010562035027177
0.5483140686807597
9.364907340423677
8.909975526794826
5.008758147649406
0.7205178956756142
3.3366465475361373
1.4289472514249413
1.4505117801968537
2.344606447802745
8.767886641779674
0.594441270867101
0.15119357333247763
4.983946518716054
4.619337075987376
8.507551112046434
1.8103359687020626
8.639691775527321
5.093997616651743
5.722773345046299
9.146402705842933
8.218035698143767
2.0379596827174176
2.515316344452584
0.5790324829903559
8.364685172499486
4.0850874041936756
8.430684627067293
6.933654369268178
2.160534015379426
4.784622967289573
0.9626305463007123
7.075744168545018
0.06421955361444964
3.993891831451626
8.123136745340759
7.3050011081936015
2.453609558346365
7.014731719388493
3.471518537961502
5.075461035179481
6.124261074400515
5.4863895787355315
0.6454934594774597
4.8683956183938415
5.306035884233852
6.094425836900168
4.616127206359214
0.10945409224210612
8.206745294133919
7.385462956174215
9.657453372896743
3.2538491366653233
4.338117644196875
3.020485297918445
2.748747358695216
5.729814473671382
4.591411799177849
5.796965804640176
7.004894906284402
6.694045686741527
4.326450741516404
5.81861173817236
0.8553909273272264
5.27890940641573
8.974361538845336
1.12944005501448
7.268699732589976
0.10222154009391637
8.685669386983765
3.349679779846131
4.8810538658423415
4.9299996365140775
0.33520061915587873
1.029392760173935
1.067609998557546
0.4685828529722047
5.654272018046241
1.0084485440381852
2.6702497284716387
9.00863238652579
4.0457682045913685
8.252977920735812
2.051423369463825
4.1554370815511295
4.468766725013802
7.803582153127502
0.7083683248513584
3.416412726342073
3.3368990584786173
3.174182519878074
2.3740148911072967
2.4547520595770256
4.699401021317852
5.2930825227271985
9.636688532392677
1.9791339060628
7.758406263102709
9.195884550513354
4.435172068517814
4.356749239983726
3.966032683103904
3.894598175046158
6.273613117331632
9.260270767454507
2.3004502682878023
3.624289240352411
5.055956028593409
7.500045510307185
8.02705531569033
4.4302259204362056
4.816738499066865
6.349374791446564
0.8982914784776475
6.559211240188913
3.6224637153924633
4.8607995843771405
2.6039934713701585
8.198308822713038
2.616740553605512
3.0760090297151987
6.384914168869686
1.9632311776225186
2.090600270595263
1.6075952581504438
6.400665679156874
1.2593215452485895
8.279334036838723
0.7171843110966258
1.2325634470208846
0.799388915895004
2.0295225708909093
9.777208983343689
5.877312780098345
4.714338169496032
9.140243051168614
2.1265631835196688
8.346369856052242
0.1706752845904813
4.660912960799877
7.81362914742727
7.925171880514873
2.367869706753838
2.8657022761908744
3.769968461774973
4.217155693331961
6.264247060324904
5.427631699095786
1.120182668138171
5.733804834614842
1.5360337180299677
4.826717233753913
8.552693501323107
4.957999476240634
9.197628218736156
0.5215017125480392
5.0358362244870225
0.9787038961567385
9.758217733827117
8.924531908687738
7.687139335484503
9.95506406780709
5.405960837277637
3.7785225697143696
3.3170877622422026
7.880344000186811
4.379022703871485
7.68396868483539
6.219275726456005
9.455790837627895
2.8393345693755734
6.5205096644124065
6.609708993263275
5.8448482553094925
6.999621851155928
6.790433711883908
8.14893557612139
7.429818705190758
1.9818502762766554
7.57674070759986
8.732926502823826
6.285916834666353
3.1050452152195094
0.9366852674599779
6.355646426052683
8.517297909114886
7.593747036274831
5.68994846034121
2.6870675533647495
1.1782041197756477
6.871647941286857
3.661012252959215
0.6106948758032493
7.197076676217802
7.902117021536057
7.931069523761628
1.8381640041649483
3.6299988557068685
2.736817243805454
1.8749850850885452
4.174754070825823
4.638030433466362
1.3878582272235107
6.844401017744469
9.586641485209302
3.167940470080347
7.67693761812302
9.507414431928023
2.959290879575891
6.091782459958816
8.078721169552816
3.7145476435311386
2.751626090802489
5.413144862977356
7.25411040334741
2.3628837666498037
9.62166459653021
8.532496233784197
1.2398201098882144
5.27359387314415
5.969539242894758
1.8891136827480448
7.558746679887066
2.4216743184635248
6.484532471058983
7.109349345135315
0.4556659627391624
4.107416844554916
4.652746911271738
4.845244631958867
2.2042804287744455
7.320317573617063
5.090924720642565
4.209343781874042
7.155659385215549
9.277314031481485
6.979388140115072
9.850157711817506
4.894759178536018
0.7613844484217025
8.315008425052536
5.75709818028659
1.813362540940212
5.8283608192037235
1.6824673211488483
5.237828917414972
7.729307893667503
4.435587133609896
5.050600647548194
3.473588806146849
5.57251453268803
2.40029822309636
9.823443659034814
0.0007165031151001866
3.655393392455697
3.7932653586858187
4.306729765570908
9.20703345128381
8.167238447002426
8.888491027672995
6.702792112152202
7.985017938491103
2.77093048805229
0.22021169668372753
3.1349063007422027
4.325614681518117
0.14649510297827018
5.1116135212317815
4.163094144483667
8.629504393200829
2.826596000263759
5.95694233687353
6.096649617742063
5.737667210013217
3.266963754895429
1.2384165363905153
9.748550456416115
3.8853496823921665
6.6221236120157245
7.159363072773291
1.1160761738927294
0.07377794170367435
9.836824544162171
8.927994374402848
6.3522394054054026
0.12270809129998894
3.4209883659950324
0.372913878342509
3.902765715828662
1.4453772106427432
4.271147004592313
9.227933886299514
1.206856624210857
0.11998813248803031
9.488162521785153
0.7454721557948385
0.6467388816697528
5.650537665182939
1.3802450991463622
7.627709295500176
3.5403156177296866
0.25830991358274713
9.1323177965211
2.2856688501952984
9.086457273138844
4.590591544419571
8.130272558201328
3.888388122001303
7.652049076476372
9.542504302990785
6.914979186575902
1.4862222528657698
0.4849835898085675
8.055921415174804
2.4493077398543903
7.7263628330225735
8.17176709260747
8.26305766735274
5.911060746982701
8.409093087001366
3.140561771689664
9.345269480183502
7.100890479876661
4.98021673179559
2.1733601859550045
0.2274963096287297
4.646170585368977
8.826972169880008
0.13402655911696648
2.2419687545916367
7.2191127640676545
5.0831535865231245
0.6785486202659019
4.5484198515245335
8.960805997922506
8.893395567408422
8.776603907402281
4.030380340515575
4.32387422052394
3.0777832106936795
1.1137797793540993
4.519161144890194
7.644667624612934
7.933011025149077
1.3547942563300552
4.091656971539088
3.8348166639598835
0.03319923032068184
3.6209941505466703
0.7957645636053523
1.1695980043520815
6.541152411007038
1.4853331166365946
6.606388028020036
0.4540562609727816
1.1967561187470488
8.518166625729442
0.5610062239302871
5.686592279638454
5.536675862636252
3.5393080897384657
2.0520917870401845
0.3373064719224561
1.7950535076158092
8.679587705895923
0.18377869968344784
4.051545622345315
0.18253692414997635
1.1357302732277508
0.9645921800719026
8.541790672000129
9.216759475034047
0.6886412500485783
8.78502569254207
4.525927016180119
5.937228960020851
8.826389421066775
4.338727832067382
4.357932076574606
8.240886152500833
8.584858348424106
4.507673745593859
1.1794046700239036
6.569606785420071
5.7490205870379665
5.11281255031326
7.2416350109688725
1.3507981998504792
8.428313805726757
3.2773680955858273
7.657518513541501
7.4783743255295025
1.08947593794264
1.6696102055405837
5.174412736591454
1.872178233515932
0.8456983842857047
2.7813635327762287
9.050963925967455
8.769921878541709
8.470712592219659
2.8525547242029594
2.5370328228403527
5.0285180010183
1.9102917020303944
9.573301823872493
7.410003511924442
9.870915686984896
3.7121651252711585
2.677832985020101
6.172591854777712
6.034385655499545
9.41278579538838
5.601048829166001
2.3052948125228556
6.232382696405457
9.817000867055711
4.303897709442408
2.828843444637512
3.969830563416439
6.871497740212019
9.59216969439905
0.031594587238312766
2.522891986856146
8.647197721466672
1.9954691385295031
6.247587074131692
7.740060318528334
3.9125266517731006
2.277118933342196
9.07017685880492
4.021924549491289
6.175800430733268
2.489724767799011
8.684741508721707
8.379961939409913
8.987883558257563
1.2255172257723423
0.6454426595541141
3.4506057038407723
9.692303159079312
7.24912677949348
4.4490619645909515
2.505549004854611
1.1709874341598314
6.737317157548169
8.720836720692365
4.823323150250567
7.150648318970765
4.773444563124055
2.3079981719976814
3.808244628869093
6.2982613418108375
9.809037847113347
1.8158243088243176
5.471321965201353
0.7649713251002732
6.024833484226938
6.088721174596009
5.736623716298687
0.6685001419977632
3.7988842258113884
9.487754413428837
9.76598640589977
3.4215875666258775
1.4730922953790937
3.620162162882342
6.748154842234149
0.22277997460242394
8.284153212593777
6.858568726933444
2.6842285208241545
7.224621873122646
7.024858799545383
2.1667123762097784
9.950807115108146
1.8472940574760721
7.8724954702242025
9.629066604923363
3.4059895725425515
8.893079483589215
8.476129581339162
2.328690983676842
6.27880877599336
2.394592395009789
7.878052664412492
4.980451112970238
1.6943389471101078
4.280619779973328
5.800055647211856
8.627170004895428
7.881481059641894
0.20527668568432023
1.9382371979235657
3.606079426486893
4.864222710200239
6.449233995618025
6.573358360688325
6.223302414828163
8.323100794340329
5.1886208286413655
6.312887192184812
8.288981013572396
3.5268405966162844
0.08354486044275022
1.05823558520302
0.24222970311640668
7.241586408900531
1.8999040018347801
1.6626400550759735
2.6501690235415065
9.948245044297185
7.088200768102222
6.090131791011519
0.743184287491433
9.20462533002141
3.030104098069745
9.63981146189579
1.025248892412648
8.87339321325951
7.546202739588547
3.021986929954077
4.863878657263041
7.141337075359533
8.39144598530983
6.689452593892252
6.660699238208996
5.456317253661044
8.597391985795607
8.991438652522634
0.35690267121017083
5.870948609109382
5.813007722285307
4.681060697051143
3.419388294646212
6.468202819428336
4.8554702173673245
4.1618363363859405
3.2750231308352715
7.575631470379039
7.315974795986094
9.576383275731557
0.4204185421125928
2.8720438808099127
0.9485394627994848
8.524893658362213
3.760106447056443
9.224290259410827
6.651503884109645
1.1187419354119288
2.4721066216331566
0.20595659193836213
2.595520028656495
5.481719223736662
5.7676880796784324
9.992007262184377
9.798617261333685
1.231526212798253
8.365346335748285
5.694181467810542
4.319667417315253
7.691890164305001
3.5247344978270165
6.061220869894127
3.8051133095281022
1.2752806252185689
3.1386206226898894
6.504457795228669
6.729965468433935
3.5397621917753916
4.108311390802907
7.923689029013205
0.5807988476612491
1.3468373815249113
6.272061487735606
8.31692285289418
8.071491658537003
7.269602483770497
2.848773022891865
4.4176754685424156
0.878072337530339
0.35931585665296306
4.0451139030786765
8.770333522979229
3.440750474298641
9.481705990741492
5.149117709120689
2.3287610132894154
9.071777917600407
4.448344649212683
2.4415618893494173
9.910830806065805
7.176585174118331
5.175302999304327
5.668469324010003
6.66110675081754
8.652255464070556
8.358072991625818
2.8087511425497045
5.196265170156298
6.079817312446144
5.789792094076099
6.9692332126570715
0.016270581623591962
0.5840417876615778
5.331660484568076
5.525618751550669
8.321497574922287
7.551020530182954
3.510759294722592
5.927845781775758
2.9319028228730803
3.795893213993585
2.4460751171556283
5.9516204693972
1.7894812401308902
8.436092679841646
8.75706552378755
1.3603378259677268
7.773034667612406
5.572222798539634
6.789386744742751
3.9805193943794484
8.334186019686484
7.791384205665118
9.464302668303324
5.803266172943257
2.356274286886003
5.1990134479174435
4.215651777761793
0.10794298479987696
8.97249446788008
0.4909281350676553
9.037268990029853
2.760486485284386
4.142036054467679
6.569313724545276
4.192391664662595
1.7070008692775052
0.6409592469721304
0.586694647769771
5.968869291664081
9.108044490136368
9.0828402563377
9.308245319791478
3.3995704473499733
0.5705494060821026
6.715579573987245
7.715009997428392
9.037613404310251
2.10778210222502
3.6631328723931853
3.6023737473361717
0.13129182512381155
2.6581286694485184
7.732871962053435
2.147659113843533
0.15594322420200202
2.4611118680056543
4.0508271434780685
0.2570095306307507
8.128540785196588
9.095426202273252
5.997241484269642
0.5900444771525715
2.8034727782740365
3.3712000022485524
2.8468941841690434
8.974762198099906
3.9760634058085875
9.961500362457862
1.1267816026294164
9.934807829956462
4.532815805041714
2.3702206958408425
0.5662677950987127
2.660483621794106
2.4056594495438652
6.670349160014045
5.548972622571941
8.1873379314916
1.9254749961304518
0.7316968794461276
9.577399428522611
8.027863152050472
4.1090123323083105
1.5832954510931618
1.5568457008498204
7.56678507710355
2.903048122314006
4.522817159885943
1.7402324939819513
3.0860613983910614
2.4812447706513097
2.328722946504198
5.85966347443624
1.3133677456391446
3.1035984259032845
4.313802374129326
5.068610786803655
4.422727656241333
3.851733148159733
1.1209993700764542
6.519762888824829
4.266525114401141
7.65184623815267
6.895540243830114
5.6430689299343975
9.60724259628809
6.276600040632063
4.972517081217117
2.6842589985267806
4.506427420142748
9.562778269336286
1.9536371097274041
2.8631526160378495
8.720521680690435
1.629185127346574
9.247741973415662
1.7550679616211906
4.466999617238574
8.468284146700466
3.3646388448233013
2.008907516090791
0.4874745030925276
8.598855633200644
9.827335281673728
9.07530606928039
1.6878254461775943
1.8708952973702309
1.9334318290421737
4.683725996534403
1.978225737466689
4.9500806815698475
9.467905182261955
9.379329208611436
2.6188341238283783
1.9446139493203518
4.4909906344885595
6.106999313296453
3.478595426183917
6.520486615031423
3.225373529367573
1.7809220984698093
4.722565175218922
1.3317971423575603
4.539945774035966
8.343030298346758
6.375206701490534
4.945328617621828
5.892354621157615
2.8775805447783864
9.546031597676233
9.987215132419847
7.749848375750634
7.27606434760243
0.704319244228947
6.188988519170867
0.11187901570219205
8.213692093967124
1.4243940126789423
2.4740808633512037
9.941022065046566
5.588300979638806
8.22657982977813
7.4296318299733235
0.024674449585994074
3.7243179498533263
5.256484908099226
2.662285745087505
9.946847944874452
8.265035423696803
2.0378290766754406
3.667946793609538
1.6687743120952003
0.9372048363272423
8.941617441371559
7.967221776587171
4.924529865897459
3.9580872771320683
6.559971073590618
5.100254747903307
4.3444541867469075
1.2047210388776797
8.394233112501446
2.918224605591153
0.11972568670555628
7.48355911983419
8.961554965366295
5.333032168847219
3.639352955471742
0.2504139359260582
8.816567695134541
1.8788507506263386
3.639840045700561
9.75564817639534
0.39318216514720894
0.5122818571194676
4.413438806711064
2.13969406849127
3.6647369378000594
6.396983712116995
8.36498257920175
9.055988492821065
4.150652618721903
5.1449661025530204
9.670484635255246
3.3314321287428483
9.414223116252684
1.3882561344501698
0.8412976127232341
8.568000961630805
8.979423416705902
1.9891608665283633
0.4584101112486194
3.5641807068705553
2.5576579168368783
1.5626537046058142
5.810716660180011
2.26997266361342
1.1986339353096964
1.8704706562258222
6.310930086649572
4.5342533801902185
9.3050843242427
4.54424568751749
1.017037752031632
4.5822260638086485
0.9433808736360916
6.591177282392332
3.915652023538069
7.007708124008047
9.63410172554753
8.61603034599567
0.07074174655475218
5.816002554032517
7.950340307483218
2.767814034915043
7.056496470611649
7.0106552043434744
2.83614499962197
1.1164684526165058
6.808122492176521
8.407621597041988
1.6964540183617471
5.407544878951487
6.003827025199416
8.911835102376774
7.874491271072655
5.485972244087174
1.7960842406930333
2.7416041918231446
4.416740559380496
4.376946118512128
7.47110821472879
0.9077573002817863
4.625803741468111
2.8276306891946215
1.667972334504364
1.5124201255357383
7.402129426710593
0.7994636113615639
7.172420410565081
2.7872130604648593
7.592901215859085
6.960861463647497
1.471166690855964
9.645007457221318
7.695229326941012
9.371837715944134
3.776505963860627
1.7102581994989685
1.1962634517167114
2.3632626209010366
7.03259448262329
8.143828436926489
4.097007972038535
6.8234814477529895
2.190112991004333
6.438840636526272
1.8691487043954436
8.60710424782493
4.973481829032343
1.6158914321000672
7.167842775417235
2.753220886400929
4.922956043276875
9.402747422274116
4.202694628698337
3.789661555048008
4.214968588041314
3.998778856707119
6.29969360489752
5.024568491768552
2.170942618379066
5.241411775852972
5.618648747949728
0.4368635452217484
1.7035895621951869
0.853522910645863
5.204081485852264
6.66330545597914
2.6253366631496533
6.798571540840498
7.759959223262416
9.90989648563109
9.138315719920765
7.183876437972415
2.2059785345924245
2.756849532989042
9.358032787578276
2.4749012097170118
2.8120892017585977
7.066719470512597
4.159184212962234
9.509650340378917
1.7868412094652109
8.763618233324486
8.542188246065901
3.885995031199064
7.688214105901241
0.5874225347486695
1.2502921344042806
5.096868276370862
4.416215536363188
3.190240056683118
5.312789364599039
8.679258259983055
7.397029192397589
8.918155165565093
4.814818096204099
8.208376189798718
0.8573762800968432
2.4273498953367634
4.37374447205468
5.2093201555902855
