0.18940152381611186
0.5907957056409985
0.17546828569806172
0.023353156045878287
0.35538800630752554
0.40674575088939546
0.14512344644500086
0.7040202487393773
0.6375072640036208
0.1258957165577348
0.19536108120797235
0.9480506297191602
0.5460125085892141
0.22821788630812379
0.35430642393019385
0.732847371323488
0.12244004149984411
0.9427284832985704
0.9454262292729724
0.785998323099519
0.3271615665908193
0.24908070284544026
0.12877276483249345
0.36804994798433754
0.6687098666880595
0.277607256170605
0.6786613033996565
0.35283251199969123
0.2149712195545721
0.5211792415245626
0.05977212849982416
0.43560699677062553
0.11871305875683802
0.5966093576857389
0.4630684974489325
0.07292382195019909
0.8593056598865325
0.09495524519212506
0.46023941139509483
0.7739155094426783
0.43859222488156047
0.47981624427320246
0.9013426996868844
0.5403612254307462
0.7437150442162697
0.5574710139719505
0.8569807387796051
0.8689066335281468
0.6771372487813466
0.360675878567569
0.8397247083601089
0.2740684926433906
0.9386012236101047
0.03534670072504942
0.4784685315789696
0.08175045934428737
0.6579822260899572
0.24124996573236135
0.41073443022797285
0.6224495627503969
0.03589070344103573
0.7287276764947835
0.42423750584173514
0.9274439746095833
0.4452721054706603
0.3253725237879662
0.2545908208197064
0.3769483346178666
0.6379194317523652
0.5873389875046381
0.5584786997011341
0.5807037704759996
0.9611685062104716
0.5782500403607436
0.6419355687925635
0.05258198941391845
0.9494051354675344
0.36013898096786523
0.6124185315835401
0.965801619609235
0.8457327781471948
0.17868808825226445
0.5845259790650924
0.3612612354019076
0.9014832807936494
0.9778873457874769
0.6638161513676744
0.9277581753504955
0.29603299318704834
0.16107697891400774
0.6327547381692543
0.45333194461714954
0.8494216305854316
0.27692797722038986
0.38134191817633944
0.8389068143733639
0.6894786899348895
0.8032252700300407
0.6157878570118442
0.9315154372823624
0.25487644170735846
0.18594380435266966
0.3826060069237328
0.8098037625181971
0.9821410439205952
0.6818558026307667
0.8203697754597344
0.16369893146320558
0.3667790061410603
0.4703870657052086
0.564936118485022
0.346985710465174
0.9253665978759367
0.2562905714185051
0.27489676329286583
0.17577960543729965
0.7379885399201643
0.911782719740367
0.2369436548027254
0.37698245097721117
0.6242191893745043
0.9975244508589955
0.1837652989918508
0.7551316121341582
0.9264956613082825
0.5650659619528182
0.8369769691121524
0.10069832519145283
0.3099066066055759
0.17851373588372466
0.3020554788881087
0.8871984422625303
0.17813782996221927
0.35372371198608077
0.38137698259961816
0.010837734948085154
0.9952896054519728
0.578970545812658
0.8987963293120806
0.8289078868693316
0.5007584049150848
0.9656754845580987
0.8295448598006139
0.31116924528101275
0.45221838281775595
0.4307628746783082
0.7361767176936586
0.8468325059860216
0.7284928358980501
0.3394106530894856
0.7635418459800591
0.45970428106895866
0.05577135943442002
0.2581993197581024
0.07366502437059652
0.20677568919929357
0.6131184708334236
0.6666270269928939
0.4109008377199287
0.424494263082144
0.5693273103120156
0.41764420986305584
0.0937382155326788
0.033847676305542085
0.18483016469957048
0.8595723447858415
0.04765166728782988
0.6853040510259224
0.7795691168002153
0.2166063159322752
0.07474676684052395
0.8644632032399624
0.45189995836346863
0.49264281224792017
0.06715776398839235
0.8180304820199813
0.9894218940675653
0.2216310927513827
0.9086094005034333
0.9493325755701552
0.4497304698507587
0.6909460393875738
0.0945067620882436
0.15398031782088595
0.6980283540216615
0.06659010242684371
0.2662670465310294
0.26918993570791494
0.6497992041974242
0.3335946315301773
0.01866174490841066
0.5346988666268815
0.8944379807831297
0.8452090014876331
0.8450625996544229
0.21622718902062543
0.5421899629686036
0.8689808803938207
0.09286635039226132
0.13541178576325474
