0.030420715147432498
0.6399683686466638
0.7544496457523873
0.39814075134796323
0.9722290786948762
0.7890565132824193
0.8407921046708058
0.9208479824422175
0.4864732963641838
0.924911083866707
0.9281953531864283
0.42422983908788914
0.03194035632401737
0.7320985484773198
0.7465280544240948
0.16506058995079487
0.22968370288367856
0.8289385020687509
0.6469156326853894
0.24967751717070508
0.7943087616074336
0.06262436986174058
0.9562429771003393
0.42474169984578625
0.00671704158598907
0.8558788683857863
0.7751410356471655
0.44019000382860785
0.5444708139148221
0.45768651780920966
0.8830612092103729
0.3987864702772048
0.030186240171955703
0.5173537772177647
0.43048970438755607
0.5224883734808634
0.6835563822166144
0.9525663463948164
0.15062975343633234
0.5529726688318396
0.8811375000005776
0.0055664625875532225
0.007386574238761767
0.9981509719755346
0.6336455455965062
0.09491794590864744
0.7458550374683699
0.5627657352630389
0.9703888299763749
0.8304107641469944
0.5363619090465177
0.45312557691611555
0.04944034689096777
0.24160481958460345
0.036669207630458556
0.627509744025185
0.1372546146540764
0.260351287531538
0.8096124373290161
0.7228867315238492
0.46615146245705386
0.3609352718234209
0.5474044167728699
0.4199485382098145
0.19650502382154422
0.2543731690479232
0.6691665848392935
0.7492915605143222
0.20779993629427906
0.9558308465654702
0.28117255775514527
0.4503570627874287
0.9374555834530238
0.5957213368254854
0.6583960432707195
0.32862870035991976
0.25259871847140114
0.5293928578903596
0.942899501902416
0.916073631135283
0.839316809113839
0.2955625524045976
0.8292326763782085
0.7603443529958593
0.8810511567815137
0.15127550819503166
0.6335661476738901
0.8319701295676403
0.1973744435869922
0.3767433289442198
0.9867887324249717
0.36249932755760783
0.41331772898764374
0.205620239200893
0.20086032598945747
0.982280754356671
0.2960566540761508
0.2741763313098884
0.8991480917976508
0.2280768069766097
0.4341329302143997
0.5783668464167164
0.02870281912676842
0.5515884626950102
0.39642481918623884
0.7505487010007721
0.10398681278107547
0.3819265778429157
0.9761299351221784
0.7668439371339725
0.4391815634047119
0.561790604229059
0.9331472813689157
0.8717468232092205
0.1396553926169719
0.44908120165649135
0.49140957907246396
0.2774486298329456
0.19437615790993856
0.1818836354588268
0.8771848352158308
0.3841820912018843
0.3005276268849937
0.1088487910660847
0.678014028010299
0.028523971881353805
0.6696063597704327
0.7478485873729396
0.8527679760237932
0.9043875951026239
0.760756389249029
0.877120769743238
0.09376684049738315
0.5610432371499302
0.7079386777919309
0.47509484915359235
0.43547258936873534
0.2111297741336432
0.25680798787622694
0.8578329389316682
0.19141672162253265
0.5502678502595226
0.9889856539105625
0.687774221971336
0.9286173126248627
0.587419363919127
0.6382753431241207
0.24591401105706923
0.8623948575649804
0.32794394268131266
0.3770566353657424
0.7994210323356752
0.2918595723796811
0.5705928900240462
0.27363703315913146
0.7724976212401241
0.42146938016055857
0.40938113194883563
0.8413001525848568
0.6506248579455046
0.43034316810860884
0.5825828558484972
0.9693566283163462
0.1689114285821337
0.44408342339067197
0.464831989179173
0.5183080486604991
0.9392054982179446
0.7631294949855686
0.39200226756343937
0.4586101916693377
0.10229654710753444
0.8854580261425016
0.05468505303175197
0.218120732951262
0.2464855738997751
0.3517043693335883
0.5552279731222848
0.014293708767808444
0.8355080053043574
0.5366817107681716
0.40312500143686947
0.44127868322148667
0.0887780965007412
0.6291453795972887
0.8968713924907612
0.9271304817248124
0.951399525418302
0.3904821188100165
0.1596622448313738
0.6473618687149855
0.5986786291173148
0.6187238734163766
0.32638772278277717
0.5225176501981377
0.578648773593976
0.5742785481083855
0.4419899666681951
0.6459035313240733
0.800160510484969
