0.710898
0.342493
0.032784
0.674236
0.994049
0.833286
0.993836
0.879336
0.414649
0.526399
0.238707
0.661191
0.746104
0.950013
0.987258
0.970892
0.368652
0.418521
0.549867
0.330626
0.809011
0.979107
0.741900
0.740565
0.849419
0.800095
0.997868
0.998658
0.998432
0.044158
0.118243
0.459823
0.830053
0.805219
0.376943
0.798914
0.307879
0.543614
0.903941
0.119578
0.915596
0.444156
0.755298
0.993589
0.449115
0.446150
0.999650
0.621526
0.564088
0.973177
0.600924
0.943534
0.322757
0.178413
0.996533
0.142708
0.565713
0.812999
0.998817
0.396365
0.681926
0.326133
0.978953
0.423137
0.131182
0.123879
0.967203
0.781269
0.653124
0.629767
0.351241
0.308477
0.990498
0.528464
0.790233
0.711609
0.852364
0.751817
0.795762
0.987967
0.194852
0.886533
0.980187
0.529284
0.993935
0.693560
0.103779
0.404415
0.556528
0.671590
0.897004
0.724487
0.962220
0.924302
0.902719
0.995199
0.403336
0.572270
0.325476
0.185046
0.143622
0.375034
0.158748
0.714612
0.621710
0.403096
0.816286
0.357456
0.973824
0.810242
0.137545
0.988587
0.939080
0.532740
0.884524
0.298104
0.845001
0.184265
0.875759
0.662287
0.636764
0.925313
0.495723
0.418475
0.123150
0.549434
0.999933
0.579622
0.021281
0.947688
0.983974
0.358989
0.448023
0.601903
0.079025
0.622589
0.455195
0.966375
0.469627
0.390512
0.867999
0.947562
0.999943
0.926157
0.978558
0.894610
0.315709
0.918084
0.283822
0.763775
0.026423
0.592259
0.726952
0.786418
0.440095
0.627605
0.677572
0.817044
0.976752
0.973724
0.980899
0.324706
0.984586
0.559800
0.999743
0.995755
0.088313
0.236487
0.265068
0.986423
0.149276
0.997740
0.324351
0.847862
0.078170
0.720825
0.122379
0.947895
0.575417
0.985087
0.988943
0.976259
0.999872
0.609391
0.893322
0.987674
0.773838
0.962225
0.995526
0.764251
0.092464
0.421716
0.981293
0.724607
0.765642
0.918548
0.601231
0.596060
0.714753
0.638957
0.629853
0.747030
0.700724
0.826075
0.813469
0.977667
0.012242
0.222707
0.999040
0.930559
0.644943
0.437900
0.411869
0.758692
0.999109
0.596376
0.798234
0.103942
0.237651
0.128521
0.522339
0.943548
0.209449
0.262063
0.299926
0.928833
0.999521
0.190805
0.814327
0.461810
0.270418
0.764742
0.931828
0.979649
0.999828
0.805853
0.844114
0.455562
0.337131
0.431246
0.975042
0.356721
0.999557
0.578422
0.981418
0.805116
0.957153
0.998483
0.903579
0.010269
0.844574
0.321713
0.804518
0.839498
0.938462
0.726958
0.028834
0.744918
0.983529
0.541351
0.469009
0.329568
0.005450
0.991885
0.114422
0.771901
0.584877
0.678481
0.872543
0.952755
0.937969
0.603379
0.085067
0.595004
0.464505
0.701262
0.996286
0.262423
0.967917
0.756625
0.975317
0.531835
0.187452
0.763584
0.156171
0.853113
0.441862
0.944749
0.139936
0.237630
0.316498
0.984544
0.775082
0.866066
0.307968
0.240205
0.576062
0.992605
0.799172
0.864140
0.376741
0.781393
0.994957
0.988964
0.729897
0.754646
0.283163
0.987861
0.995370
0.741467
0.761435
0.919767
0.718127
0.844096
0.957072
0.682829
0.952374
0.837302
0.913964
0.237101
0.887229
0.921998
0.846747
0.976548
0.592987
0.982741
0.974185
0.679919
0.136642
0.092794
0.599556
0.905962
0.076362
0.471319
0.577855
0.307072
0.947087
0.999064
0.667532
0.796317
0.560441
0.489668
0.973811
0.742498
0.179494
0.899866
0.458730
0.996543
0.879965
0.905506
0.980625
0.926759
0.960405
0.877720
0.602481
0.991968
0.999064
0.309936
0.351222
0.467249
0.982529
0.707683
0.243458
0.959140
0.769328
0.993253
0.822558
0.988078
0.075540
0.999177
0.869841
0.405417
0.560052
0.369570
0.097629
0.211952
0.843040
0.884815
0.380184
0.494788
0.730768
0.918323
0.154303
0.354393
0.663797
0.057369
0.847071
0.755577
0.945246
0.375782
0.629753
0.371434
0.669319
0.094960
0.625969
0.414189
0.691675
0.330451
0.629122
0.380814
0.091550
0.236901
0.364931
0.526787
0.777536
0.461710
0.998684
0.601437
0.938654
0.656306
0.058538
0.969116
0.672179
0.695791
0.981713
0.898087
0.992918
0.847733
0.824136
0.318848
0.995899
0.314335
0.480380
0.964680
0.359941
0.941281
0.999776
0.638480
0.420636
0.134971
0.240625
0.999966
0.979815
0.113561
0.878630
0.633586
0.230999
0.259728
0.853817
0.171035
0.894989
0.994804
0.999582
0.739871
0.045360
0.061559
0.696099
0.648501
0.603655
0.864132
0.036860
0.106083
0.930725
0.517554
0.888755
0.863807
0.513749
0.442175
0.754769
0.824178
0.940235
0.492786
0.729961
0.999363
0.475209
0.351440
0.608410
0.162225
0.116845
0.537322
0.159116
0.963145
0.994569
0.786155
0.878756
0.203061
0.876383
0.837642
0.278530
0.925183
0.626762
0.647022
0.972548
0.926647
0.972605
0.054170
0.286550
0.083980
0.388743
0.825566
0.630170
0.367200
0.674735
0.996402
0.474213
0.983222
0.776326
0.924196
0.959456
0.080581
0.096374
0.249710
0.975884
0.893919
0.365316
0.671691
0.109011
0.410135
0.277707
0.629403
0.297556
0.200993
1.000000
0.857359
0.515963
0.961830
0.860495
0.859420
0.360789
0.780029
0.315575
0.012339
0.783158
0.945912
0.447453
0.106809
0.999891
0.328945
0.388755
0.930462
0.511176
0.718723
0.079803
0.525140
0.776566
0.827117
0.826503
0.582600
0.929090
0.304363
0.999107
0.952371
0.998931
0.581486
0.464232
0.128336
0.865536
0.666314
0.996247
0.938786
0.919260
0.889948
0.953101
0.156042
0.726906
0.226234
0.570041
0.587288
0.130598
0.875108
0.983046
0.178881
0.969012
0.917981
0.125976
0.978677
0.101787
0.942970
0.999832
0.964263
0.933804
0.591134
0.998314
0.616851
0.670311
0.495186
0.882249
0.832517
0.312947
0.999222
0.347872
0.507402
0.992740
0.385576
0.513817
0.657914
0.538282
0.919511
0.991204
0.973225
0.247995
0.174536
0.911140
0.652592
0.042461
0.708745
0.965698
0.504727
0.473330
0.762431
0.993223
0.794063
0.921228
0.997817
0.401643
0.966121
0.767952
0.332354
0.560836
0.966221
0.991740
0.642502
0.846963
0.564825
0.410617
0.737363
0.732054
0.385592
0.999981
0.593059
0.997792
0.469716
0.202025
0.636235
0.520476
0.985962
0.688624
0.947690
0.521736
0.898207
0.785669
0.894013
0.822838
0.444597
0.571468
0.500276
0.079780
0.999382
0.350553
0.448442
0.742290
0.674395
0.830684
0.266290
0.360529
0.635371
0.989108
0.999418
0.940475
0.204371
0.856334
0.834489
0.837474
0.860260
0.875084
0.549446
0.878093
0.469994
0.328187
0.961154
0.698260
0.615826
0.878347
0.982999
0.998160
0.666530
0.999840
0.416068
0.753532
0.639843
0.985139
0.999643
0.794649
0.263151
0.186405
0.483363
0.995131
0.306416
0.735592
0.210178
0.362800
0.305371
0.824024
0.725125
0.338456
0.992546
0.054741
0.988510
0.954366
0.685010
0.924055
0.288180
0.116010
0.358833
0.919580
0.998043
0.973320
0.338825
0.263562
0.653501
0.391258
0.621208
0.750716
0.480939
0.243770
0.623422
0.483106
0.071660
0.657253
0.292568
0.366879
0.816233
0.995852
0.885307
0.216251
0.596306
0.694733
0.095097
0.889560
0.370932
0.571389
0.340131
0.522017
0.525626
0.969161
0.060453
0.662771
0.414446
0.003228
0.277438
0.020746
0.723961
0.902603
0.772632
0.809890
0.878430
0.005549
0.315041
0.630007
0.046133
0.881120
0.998037
0.461063
0.998848
0.768536
0.967028
0.667630
0.619393
0.994064
0.728245
0.088483
0.441400
0.931986
0.914831
0.994137
0.903997
0.839944
0.937422
0.667673
0.989792
0.882980
0.074052
0.361156
0.994983
0.929170
0.089155
0.840088
0.888030
0.114031
0.192348
0.487733
0.877533
0.938231
0.813953
0.975636
0.479452
0.870666
0.952215
0.995661
0.680291
0.931759
0.598948
0.748370
0.951419
0.208745
0.131470
0.082578
0.969539
0.935474
0.625381
0.002407
0.052966
0.933099
0.191568
0.999517
0.211395
0.254579
0.970812
0.736614
0.948715
0.700477
0.973063
0.871095
0.772416
0.574946
0.199214
0.796152
0.715407
0.033473
0.350302
0.886029
0.999204
0.499444
0.113473
0.884034
0.652551
0.592369
0.687044
0.793303
0.413044
0.936873
0.619391
0.918967
0.273224
0.841320
0.798703
0.047141
0.092256
0.625357
0.951852
0.231299
0.616628
0.129819
0.895300
0.976340
0.976741
0.229852
0.675908
0.539891
0.272204
0.862119
0.999649
0.999749
0.988765
0.564018
0.988048
0.997832
0.636178
0.999868
0.456831
0.410836
0.035959
0.950509
0.654853
0.331411
0.996349
0.375594
0.868585
0.883465
0.335289
0.403283
0.477311
0.216665
0.707892
0.365952
0.093318
0.024908
0.955410
0.364036
0.828503
0.983588
0.981145
0.517920
0.632115
0.479697
0.126071
0.563789
0.258318
0.434285
0.589981
0.841327
0.450819
0.677411
0.713649
0.120758
0.114597
0.358059
0.621836
0.382733
0.772428
0.430233
0.934262
0.922707
0.980345
0.296511
0.667415
0.998740
0.301576
0.903736
0.293753
0.945151
0.986574
0.764833
0.461664
0.983111
0.166080
0.359248
0.139893
0.611407
0.964356
0.981144
0.129710
0.496304
0.683291
0.955243
0.834823
0.617012
0.206183
0.192629
0.976061
0.486363
0.941897
0.950035
0.682712
0.995024
0.997335
0.221994
0.081016
0.850080
0.830231
0.578514
0.835966
0.164742
0.866013
0.322798
0.667716
0.147681
0.693286
0.999534
0.519814
0.462492
0.978720
0.999988
0.585103
0.510882
0.074187
0.858006
0.937975
0.063742
0.720678
0.285990
0.647538
0.265672
0.718252
0.478866
0.993775
0.979769
0.994313
0.870049
0.120944
0.904816
0.426861
0.862452
0.221540
0.850834
0.870868
0.444440
0.805813
0.155613
0.265459
0.601706
0.267852
0.273603
0.903612
0.706032
0.931932
0.857908
0.601847
0.986766
0.419826
0.380916
0.999986
0.611545
0.623260
0.026218
0.742735
0.731147
0.903119
0.978853
0.393323
0.923092
0.254002
0.102789
0.793989
0.016911
0.482295
0.995728
0.433518
0.780255
0.992743
0.722823
0.928895
0.988487
0.344022
0.369931
0.913328
0.995417
0.338772
0.398048
0.989100
0.982936
0.904715
0.896842
0.996740
0.290741
0.985328
0.429561
0.924915
0.518287
0.508917
0.292454
0.962114
0.438146
0.176661
0.961387
0.835346
0.459050
0.995904
0.846813
0.785438
0.032462
0.604592
0.103735
0.828291
0.928949
0.982093
0.844188
0.960101
0.894934
0.969641
0.864384
0.298803
0.840182
0.984814
0.891700
0.741498
0.359580
0.907964
0.996810
0.953978
0.962932
0.996374
0.364038
0.995190
0.055485
0.573077
0.949238
0.738254
0.491202
0.075555
0.627551
0.953118
0.213990
0.037298
0.999334
0.946874
0.309625
0.579671
0.300101
0.427619
0.395203
0.603082
0.889216
0.995054
0.520886
0.741969
0.593458
0.738129
0.365495
0.405405
0.802198
0.783362
0.740069
0.208986
0.605400
0.940797
0.829007
0.985255
0.455050
0.999792
0.349534
0.973160
0.321705
0.930176
0.926391
0.947742
0.999740
0.447951
0.999761
0.898089
0.923685
0.185092
0.951670
0.516431
0.997172
0.987805
0.761843
0.101565
0.652726
0.868691
0.959195
0.438466
0.385283
0.792722
0.056854
0.984317
0.939029
0.812357
0.926517
0.959770
0.575512
0.241127
0.293103
0.973575
0.941720
0.080728
0.048655
0.124914
0.734051
0.999856
0.964818
0.706168
0.165855
0.266081
0.943004
0.799157
0.042263
0.920743
0.570362
0.141342
0.955369
0.960777
0.251728
0.186321
0.077135
0.989393
0.492179
0.016607
0.732855
0.524016
0.732438
0.255791
0.485804
0.932732
0.613158
0.593485
0.975824
0.986958
0.231181
0.469629
0.458291
0.299412
0.991754
0.208249
0.663082
0.976488
0.994808
0.972647
0.200113
0.996744
0.717685
0.729083
0.082603
0.915166
0.574599
0.821635
0.502922
0.887969
0.411936
0.739374
0.997231
0.991298
0.067316
0.662075
0.950704
0.965430
0.172333
0.517531
0.178138
0.989732
0.985674
0.183331
0.308149
0.916902
0.993883
0.987823
0.092413
0.260639
0.941597
0.423172
0.906186
0.940839
0.100092
0.705148
0.998582
0.572762
0.774165
0.439762
0.943128
0.096418
0.038612
0.932400
0.389847
0.012622
0.884116
0.901941
0.562382
0.980456
0.348715
0.316223
0.997836
0.333594
0.338970
0.963635
0.404490
0.831554
0.587950
0.694957
0.873851
0.903760
0.992922
0.332197
0.275161
0.998521
0.333414
0.061866
0.243856
0.880971
0.438186
0.916810
0.938457
0.923693
0.975347
0.886532
0.982335
0.822021
0.799484
0.946183
0.803001
0.591241
0.727331
0.939753
0.925301
0.501642
0.649856
0.652806
0.767204
0.941887
0.980324
0.847355
0.424770
0.544374
0.182521
0.994146
0.187428
0.962347
0.538715
0.180285
0.775414
0.380854
0.848066
0.985632
0.482812
0.711228
0.984563
0.057511
0.915709
0.921246
0.984036
0.500392
0.034953
0.995003
0.460822
0.812240
0.932650
0.217903
0.999831
0.255394
0.206492
0.437337
0.922492
0.009663
0.121349
0.980597
0.976445
0.077813
0.725292
0.077239
0.001102
0.105517
0.125817
0.895251
0.658585
0.999977
0.715707
0.915864
0.639388
0.993392
0.379848
0.964845
0.983497
0.993036
0.938516
0.803184
0.250878
0.866258
0.999739
0.172936
0.841761
0.433904
0.901075
0.570350
0.912442
0.541286
0.007448
0.699153
0.520439
0.415740
0.805846
0.713454
0.576108
0.579118
0.424540
0.972586
0.973039
0.730653
0.984324
0.765128
0.973227
0.773739
0.971884
0.734934
0.347804
0.724827
0.861795
0.027907
0.054844
0.537477
0.999573
0.054768
0.847740
0.718555
0.082869
0.269072
0.271494
0.269154
0.004357
0.659769
0.698844
0.960999
0.402137
0.308786
0.411400
0.247880
0.657624
0.961044
0.449322
0.635235
0.247433
0.544749
0.926103
0.545449
0.579685
0.080775
0.988716
0.743510
0.802814
0.586113
0.917759
0.351970
0.867164
0.637423
0.874427
0.884719
0.536612
0.412575
0.212270
0.400022
0.630120
0.915256
0.979363
0.760931
0.344103
0.586778
0.983902
0.052925
0.748563
0.614619
0.566784
0.524237
0.993414
0.891514
0.690279
0.960123
0.031766
0.753098
0.975564
0.096363
0.408525
0.994683
0.909945
0.985767
0.998959
0.142662
0.931214
0.391545
0.682233
0.943169
0.948981
0.860519
0.950115
0.997628
0.961577
0.645764
0.817209
0.081888
0.964044
0.059958
0.144769
0.224043
0.501014
0.205735
0.169072
0.626988
0.529593
0.635598
0.978026
0.156087
0.172944
0.969102
0.776122
0.349289
0.832782
0.856853
0.992340
0.908467
0.000552
0.455143
0.539071
0.236012
0.150712
0.901057
0.402809
0.840365
0.988333
0.914623
0.904331
0.738750
0.589036
0.175591
0.865174
0.656762
0.702525
0.811142
0.703267
0.923678
0.836304
0.758234
0.828888
0.827823
0.018511
0.988422
0.083408
0.942195
0.706601
0.299715
0.847940
0.541372
0.967182
0.325842
0.345863
0.187480
0.836674
0.966191
0.998945
0.701413
0.912492
0.792549
0.593563
0.677885
0.888702
0.758153
0.681234
0.180841
0.786894
0.257802
0.271790
0.376276
0.752294
0.723687
0.739880
0.345219
0.544717
0.915803
0.859792
0.954212
0.773648
0.910390
0.638560
0.999594
0.996839
0.141730
0.999677
0.217362
0.535254
0.311506
0.815207
0.253499
0.607605
0.681462
0.746249
0.722611
0.539637
0.892345
0.650549
0.869725
0.051786
0.988668
0.618246
0.010960
0.886122
0.039315
0.469902
0.701408
0.479097
0.528850
0.153429
0.853404
0.016295
0.656322
0.969847
0.302605
0.940835
0.400065
0.444795
0.617575
0.235790
0.533133
0.321491
0.919668
0.272273
0.822777
0.879156
0.489399
0.737636
0.990925
0.006134
0.871959
0.732302
0.818180
0.752395
0.944939
0.076616
0.782788
0.999156
0.979678
0.968326
0.992624
0.813086
0.299144
0.625397
0.990733
0.574534
0.368665
0.919912
0.689328
0.348070
0.367662
0.110698
0.903700
0.287431
0.996792
0.535465
0.825113
0.687956
0.779351
0.475900
0.992795
0.963273
0.947871
0.124692
0.963227
0.965831
0.473278
0.010160
0.885226
0.717467
0.246622
0.934911
0.842180
0.283080
0.534019
0.989647
0.990738
0.084358
0.210135
0.529288
0.901451
0.752489
0.772318
0.273825
0.999445
0.640739
0.433678
0.901253
0.071122
0.049830
0.978708
0.487076
0.077790
0.776102
0.119609
0.737895
0.997448
0.355862
0.058430
0.395956
0.890724
0.778743
0.007251
0.425158
0.773169
0.009619
0.994706
0.044660
0.372757
0.345879
0.500686
0.622967
0.949819
0.625841
0.679978
0.378385
0.999494
0.999809
0.455022
0.522010
0.145995
0.899077
0.993767
0.322496
0.375681
0.522002
0.987652
0.111249
0.323026
0.015349
0.895838
0.381785
0.840719
0.836392
0.085440
0.934007
0.943537
0.193088
0.152291
0.735468
0.032614
0.061981
0.991055
0.904705
0.943575
0.149475
0.849803
0.999999
0.436458
0.182295
0.798775
0.977570
0.959099
0.262600
0.148461
0.340052
0.655360
0.978989
0.996781
0.043223
0.962610
0.867355
0.914528
0.252187
0.581399
0.973477
0.630844
0.860507
0.954478
0.514564
0.999740
0.963282
0.884094
0.773938
0.999632
0.683386
0.647568
0.963356
0.491985
0.948298
0.144243
0.723187
0.997391
0.937313
0.233986
0.052280
0.841725
0.436294
0.859746
0.946872
0.150752
0.031342
0.683713
0.127302
0.384309
0.244983
0.605977
0.208023
0.925130
0.181777
0.958995
0.800971
0.997909
0.145402
0.998531
0.963181
0.798622
0.513044
0.787394
0.882275
0.398795
0.998374
0.830769
0.737375
0.483731
0.354175
0.811817
0.724606
0.999155
0.066240
0.455343
0.326745
0.936931
0.419791
0.381311
0.211336
0.510408
0.578026
0.983027
0.071003
0.130307
0.941346
0.591250
0.440099
0.464305
0.970690
0.920008
0.989739
0.320967
0.945447
0.218609
0.542505
0.319899
0.002763
0.999997
0.046586
0.372464
0.988178
0.155837
0.118647
0.968292
0.145484
0.213756
0.848603
0.290524
0.410623
0.159886
0.463600
0.677411
0.753574
0.567460
0.949186
0.091642
0.903839
0.415821
0.697378
0.814062
0.422417
0.927608
0.145471
0.340252
0.512801
0.294749
0.712350
0.726053
0.882735
0.695324
0.053739
0.790529
0.853693
0.079069
0.961770
0.995162
0.965871
0.187265
0.219572
0.079237
0.539109
0.494361
0.095980
0.157270
0.955281
0.756664
0.060428
0.997343
0.782254
0.634107
0.010630
0.982482
0.430899
0.999387
0.787490
0.610151
0.857541
0.947554
0.987229
0.414332
0.819103
0.988084
0.978065
0.510640
0.962955
0.977427
0.717263
0.975890
0.873742
0.370965
0.656213
0.037888
0.990053
0.989778
0.138231
0.425824
0.807316
0.657841
0.998796
0.374708
0.757704
0.994583
0.574199
0.963093
0.944895
0.761454
0.238828
0.574238
0.965409
0.978524
0.696051
0.962527
0.539997
0.998541
0.951346
0.127850
0.896541
0.964779
0.438303
0.929692
0.457830
0.151063
0.994841
0.994492
0.874017
0.988895
0.994317
0.968542
0.875227
0.970851
0.139961
0.983673
0.764325
0.508716
0.939434
0.998803
0.083546
0.139619
0.562119
0.560070
0.025634
0.961641
0.972693
0.950757
0.353010
0.336231
0.780107
0.988176
0.113107
0.845928
0.280046
0.186688
0.700690
0.514178
0.641064
0.569254
0.885895
0.529396
0.878684
0.588729
0.900818
0.591599
0.999996
0.114776
0.145107
0.278916
0.671472
0.906971
0.801297
0.328415
0.665456
0.548297
0.329908
0.875685
0.965700
0.932389
0.709482
0.347898
0.652308
0.666639
0.991766
0.930613
0.986391
0.433473
0.473750
0.531467
0.060146
0.947611
0.952435
0.814347
0.854009
0.519994
0.234264
0.545995
0.771641
0.954979
0.498485
0.876855
0.306228
0.990245
0.999998
0.992258
0.936872
0.679984
0.838527
0.905524
0.990421
0.716343
0.294703
0.278923
0.152040
0.654430
0.075689
0.503724
0.977983
0.569322
0.021876
0.999980
0.703346
0.378734
0.496058
0.854752
0.900039
0.562841
0.598741
0.683557
0.998666
0.306384
0.997513
0.256804
0.399327
0.481809
0.960390
0.943081
0.933822
0.912407
0.331452
0.983150
0.005286
0.778813
0.166973
0.840213
0.853121
0.854496
0.985684
0.918509
