1.0
0.9949748743718593
0.9899497487437185
0.9849246231155779
0.9798994974874372
0.9748743718592965
0.9698492462311558
0.964824120603015
0.9597989949748744
0.9547738693467337
0.949748743718593
0.9447236180904522
0.9396984924623115
0.9346733668341709
0.9296482412060302
0.9246231155778895
0.9195979899497487
0.914572864321608
0.9095477386934674
0.9045226130653267
0.8994974874371859
0.8944723618090452
0.8894472361809045
0.8844221105527639
0.8793969849246231
0.8743718592964824
0.8693467336683417
0.864321608040201
0.8592964824120604
0.8542713567839196
0.8492462311557789
0.8442211055276382
0.8391959798994975
0.8341708542713568
0.8291457286432161
0.8241206030150754
0.8190954773869347
0.8140703517587939
0.8090452261306533
0.8040201005025126
0.7989949748743719
0.7939698492462312
0.7889447236180904
0.7839195979899498
0.778894472361809
0.7738693467336684
0.7688442211055276
0.7638190954773869
0.7587939698492463
0.7537688442211055
0.7487437185929648
0.7437185929648241
0.7386934673366834
0.7336683417085428
0.728643216080402
0.7236180904522613
0.7185929648241206
0.7135678391959799
0.7085427135678393
0.7035175879396984
0.6984924623115578
0.6934673366834171
0.6884422110552764
0.6834170854271358
0.6783919597989949
0.6733668341708543
0.6683417085427136
0.6633165829145728
0.6582914572864322
0.6532663316582914
0.6482412060301508
0.6432160804020101
0.6381909547738693
0.6331658291457287
0.6281407035175879
0.6231155778894473
0.6180904522613065
0.6130653266331658
0.6080402010050252
0.6030150753768844
0.5979899497487438
0.592964824120603
0.5879396984924623
0.5829145728643217
0.5778894472361809
0.5728643216080402
0.5678391959798995
0.5628140703517588
0.5577889447236181
0.5527638190954773
0.5477386934673367
0.542713567839196
0.5376884422110553
0.5326633165829145
0.5276381909547738
0.5226130653266332
0.5175879396984925
0.5125628140703518
0.507537688442211
0.5025125628140703
0.4974874371859297
0.49246231155778897
0.48743718592964824
0.4824120603015075
0.4773869346733668
0.4723618090452262
0.46733668341708545
0.4623115577889447
0.457286432160804
0.4522613065326633
0.44723618090452266
0.44221105527638194
0.4371859296482412
0.4321608040201005
0.42713567839195976
0.42211055276381915
0.4170854271356784
0.4120603015075377
0.40703517587939697
0.40201005025125625
0.39698492462311563
0.3919597989949749
0.3869346733668342
0.38190954773869346
0.37688442211055273
0.371859296482412
0.3668341708542714
0.36180904522613067
0.35678391959798994
0.3517587939698492
0.3467336683417085
0.3417085427135679
0.33668341708542715
0.3316582914572864
0.3266331658291457
0.321608040201005
0.31658291457286436
0.31155778894472363
0.3065326633165829
0.3015075376884422
0.29648241206030146
0.29145728643216084
0.2864321608040201
0.2814070351758794
0.27638190954773867
0.27135678391959794
0.26633165829145733
0.2613065326633166
0.2562814070351759
0.25125628140703515
0.24623115577889443
0.24120603015075381
0.2361809045226131
0.23115577889447236
0.22613065326633164
0.2211055276381909
0.2160804020100503
0.21105527638190957
0.20603015075376885
0.20100502512562812
0.1959798994974874
0.19095477386934678
0.18592964824120606
0.18090452261306533
0.1758793969849246
0.17085427135678388
0.16582914572864327
0.16080402010050254
0.15577889447236182
0.1507537688442211
0.14572864321608037
0.14070351758793975
0.13567839195979903
0.1306532663316583
0.12562814070351758
0.12060301507537685
0.11557788944723613
0.11055276381909551
0.10552763819095479
0.10050251256281406
0.09547738693467334
0.09045226130653261
0.085427135678392
0.08040201005025127
0.07537688442211055
0.07035175879396982
0.0653266331658291
0.06030150753768848
0.055276381909547756
0.05025125628140703
0.045226130653266305
0.04020100502512558
0.035175879396984966
0.03015075376884424
0.025125628140703515
0.02010050251256279
0.015075376884422065
0.01005025125628145
0.005025125628140725
0.0
